Supplemental results for CODEML (seqf: PHUM226110.fasta  treef: )


pairwise comparison (Goldman & Yang 1994)
seq seq        N       S       dN       dS     dN/dS   Paras.
  2   1    228.5     83.5   0.0007   0.6665   0.0010   0.5365   5.3797  -446.272
  3   1    237.5     74.5   0.0004   0.3966   0.0010   0.2851   1.6379  -442.085
  3   2    218.8     93.2   0.0063   6.3349   0.0010   5.6917  79.4158  -457.904
  4   1    249.0     63.0   0.0007   0.6660   0.0010   0.4048   1.1241  -450.535
  4   2    248.9     63.1   0.0008   0.7525   0.0010   0.4583   2.1801  -453.569
  4   3    230.0     82.0   0.0014   1.4209   0.0010   1.1235   6.4672  -444.895
  5   1    249.0     63.0   0.0007   0.6660   0.0010   0.4048   1.1241  -450.535
  5   2    248.5     63.5   0.0008   0.7570   0.0010   0.4637   2.2731  -453.569
  5   3    230.0     82.0   0.0014   1.4209   0.0010   1.1235   6.4672  -444.895
  5   4    246.0     66.0   0.0000   0.0000   0.0010   0.0000   5.1784  -362.321
  6   1    245.7     66.3   0.0006   0.5865   0.0010   0.3754   1.7233  -444.178
  6   2    250.6     61.4   0.0005   0.5098   0.0010   0.3020   2.4999  -420.598
  6   3    225.3     86.7   0.0058   5.8465   0.0010   4.8869  37.9238  -463.039
  6   4    248.8     63.2   0.0002   0.1554   0.0010   0.0948   5.2408  -414.427
  6   5    249.9     62.1   0.0001   0.0880   0.0010   0.0528   4.3267  -414.748
  7   1    245.7     66.3   0.0006   0.5865   0.0010   0.3754   1.7233  -444.178
  7   2    250.6     61.4   0.0005   0.5098   0.0010   0.3020   2.4999  -420.598
  7   3    225.3     86.7   0.0058   5.8373   0.0010   4.8789  37.8192  -463.039
  7   4    249.0     63.0   0.0002   0.1523   0.0010   0.0926   5.0038  -414.350
  7   5    250.4     61.6   0.0002   0.1505   0.0010   0.0895   4.0023  -414.046
  7   6    254.7     57.3   0.0000   0.0000   0.0010   0.0000   3.4687  -359.479
  8   1    236.9     75.1   0.0006   0.6100   0.0010   0.4416   2.3617  -450.897
  8   2    240.4     71.6   0.0008   0.8342   0.0010   0.5763   4.1349  -454.393
  8   3    231.7     80.3   0.0007   0.7425   0.0010   0.5749   4.2237  -443.411
  8   4    251.5     60.5   0.0005   0.4976   0.0010   0.2904   1.5588  -421.104
  8   5    251.5     60.5   0.0005   0.4976   0.0010   0.2904   1.5588  -421.104
  8   6    248.0     64.0   0.0006   0.6114   0.0010   0.3777   2.9477  -445.077
  8   7    247.7     64.3   0.0006   0.6135   0.0010   0.3805   3.0442  -445.074
  9   1    237.7     74.3   0.0006   0.5827   0.0010   0.4175   2.0254  -454.473
  9   2    238.3     73.7   0.0007   0.7292   0.0010   0.5185   4.4927  -457.616
  9   3    231.7     80.3   0.0005   0.5317   0.0010   0.4119   3.6878  -441.253
  9   4    245.5     66.5   0.0003   0.3384   0.0010   0.2172   2.5862  -415.020
  9   5    245.5     66.5   0.0003   0.3384   0.0010   0.2172   2.5862  -415.020
  9   6    243.9     68.1   0.0004   0.4148   0.0010   0.2724   4.1874  -438.760
  9   7    245.1     66.9   0.0004   0.4168   0.0010   0.2691   3.6239  -438.849
  9   8    238.4     73.6   0.0004   0.4394   0.0010   0.3119   3.8577  -423.366
 10   1    236.0     76.0   0.0006   0.6011   0.0010   0.4406   2.1469  -455.935
 10   2    235.7     76.3   0.0008   0.7761   0.0010   0.5714   4.9854  -459.264
 10   3    229.6     82.4   0.0006   0.5531   0.0010   0.4394   3.9015  -443.034
 10   4    243.2     68.8   0.0004   0.3535   0.0010   0.2347   2.7714  -417.656
 10   5    243.2     68.8   0.0004   0.3535   0.0010   0.2347   2.7714  -417.656
 10   6    240.5     71.5   0.0004   0.4364   0.0010   0.3009   5.0636  -441.148
 10   7    241.3     70.7   0.0004   0.4344   0.0010   0.2963   4.5890  -441.171
 10   8    236.0     76.0   0.0005   0.4563   0.0010   0.3346   4.0784  -425.800
 10   9    222.5     89.5   0.0000   0.0114   0.0010   0.0098 999.0000  -371.742
 11   1    252.1     59.9   0.0053   5.3231   0.0010   3.0779   0.4000  -494.079
 11   2    245.6     66.4   0.0058   5.8136   0.0010   3.7259   0.7341  -485.077
 11   3    232.8     79.2   0.0056   5.5736   0.0010   4.2573   1.5789  -488.061
 11   4    242.5     69.5   0.0037   3.6576   0.0010   2.4513   1.0749  -481.224
 11   5    242.5     69.5   0.0037   3.6576   0.0010   2.4513   1.0749  -481.224
 11   6    245.6     66.4   0.0046   4.5742   0.0010   2.9291   0.9348  -480.463
 11   7    245.6     66.4   0.0046   4.5742   0.0010   2.9291   0.9348  -480.463
 11   8    239.2     72.8   0.0041   4.0535   0.0010   2.8465   1.1633  -484.621
 11   9    229.7     82.3   0.0042   4.1964   0.0010   3.3314   2.1319  -483.494
 11  10    229.4     82.6   0.0042   4.1939   0.0010   3.3416   2.1268  -483.929
 12   1    205.8    106.2   0.0047   4.6827   0.0010   4.7927  10.2855  -474.976
 12   2    212.0    100.0   0.0049   4.9189   0.0010   4.7391  13.7624  -462.463
 12   3    255.8     56.2   0.0016   1.6247   0.0010   0.8813   0.4000  -464.541
 12   4    224.4     87.6   0.0049   4.8886   0.0010   4.1306   4.3281  -464.694
 12   5    224.4     87.6   0.0049   4.8886   0.0010   4.1306   4.3281  -464.694
 12   6    219.8     92.2   0.0050   5.0051   0.0010   4.4476   8.0356  -462.928
 12   7    219.8     92.2   0.0050   5.0051   0.0010   4.4476   8.0356  -462.928
 12   8    221.5     90.5   0.0016   1.6376   0.0010   1.4288   4.2516  -458.504
 12   9    226.9     85.1   0.0025   2.5106   0.0010   2.0601   3.1169  -467.180
 12  10    229.2     82.8   0.0023   2.2898   0.0010   1.8285   2.5679  -467.914
 12  11    221.5     90.5   0.0050   4.9595   0.0010   4.3243   2.7264  -485.489
 13   1    240.1     71.9   0.0011   1.0563   0.0010   0.7325   1.4559  -465.762
 13   2    223.3     88.7   0.0032   3.2078   0.0010   2.7417  13.1171  -452.697
 13   3    220.2     91.8   0.0022   2.1691   0.0010   1.9203   6.0197  -468.342
 13   4    229.5     82.5   0.0037   3.6921   0.0010   2.9380   7.5915  -458.912
 13   5    229.5     82.5   0.0037   3.6921   0.0010   2.9380   7.5915  -458.912
 13   6    230.3     81.7   0.0031   3.1020   0.0010   2.4452  10.1230  -450.087
 13   7    230.3     81.7   0.0031   3.1020   0.0010   2.4452  10.1230  -450.087
 13   8    218.8     93.2   0.0039   3.9324   0.0010   3.5322  27.9916  -450.308
 13   9    221.2     90.8   0.0031   3.0699   0.0010   2.6855  13.6915  -457.298
 13  10    219.8     92.2   0.0031   3.0831   0.0010   2.7384  13.8037  -458.041
 13  11    221.4     90.6   0.0043   4.3392   0.0010   3.7890   3.2891  -484.616
 13  12    204.5    107.5   0.0039   3.8553   0.0010   3.9935  19.7431  -459.146
 14   1    254.2     57.8   0.0010   0.9768   0.0010   0.5454   0.5190  -461.646
 14   2    253.0     59.0   0.0013   1.2733   0.0010   0.7248   0.6461  -457.749
 14   3    248.5     63.5   0.0017   1.7345   0.0010   1.0624   0.7528  -472.262
 14   4    254.2     57.8   0.0029   2.8558   0.0010   1.5937   0.6294  -460.286
 14   5    254.2     57.8   0.0029   2.8558   0.0010   1.5937   0.6294  -460.286
 14   6    232.7     79.3   0.0033   3.2919   0.0010   2.5163   4.0304  -456.096
 14   7    232.7     79.3   0.0033   3.2919   0.0010   2.5163   4.0304  -456.096
 14   8    234.2     77.8   0.0012   1.1573   0.0010   0.8680   2.3775  -454.128
 14   9    223.9     88.1   0.0041   4.0739   0.0010   3.4613   5.3402  -465.351
 14  10    222.5     89.5   0.0041   4.0865   0.0010   3.5243   5.3618  -466.448
 14  11    251.4     60.6   0.0049   4.8754   0.0010   2.8547   0.4079  -492.320
 14  12    227.0     85.0   0.0006   0.6446   0.0010   0.5283   2.3504  -459.631
 14  13    240.1     71.9   0.0010   0.9802   0.0010   0.6797   1.3021  -460.103
 15   1    248.7     63.3   0.0008   0.7975   0.0010   0.4870   0.7023  -463.401
 15   2    242.6     69.4   0.0088   8.8264   0.0010   5.9086   1.3553  -471.690
 15   3    252.4     59.6   0.0011   1.0824   0.0010   0.6232   0.5590  -465.588
 15   4    248.0     64.0   0.0116  11.5830   0.0010   7.1607   0.9693  -470.932
 15   5    248.0     64.0   0.0116  11.5830   0.0010   7.1607   0.9693  -470.932
 15   6    241.2     70.8   0.0080   8.0193   0.0010   5.4758   1.7040  -468.963
 15   7    241.2     70.8   0.0080   8.0193   0.0010   5.4758   1.7040  -468.963
 15   8    231.3     80.7   0.0011   1.1452   0.0010   0.8909   2.5638  -458.219
 15   9    256.2     55.8   0.0019   1.8833   0.0010   1.0149   0.4000  -464.983
 15  10    256.0     56.0   0.0020   1.9923   0.0010   1.0772   0.4000  -466.376
 15  11    230.5     81.5   0.0065   6.4916   0.0010   5.1013   1.6887  -486.645
 15  12    227.3     84.7   0.0006   0.5618   0.0010   0.4585   2.2658  -450.946
 15  13    225.6     86.4   0.0011   1.0868   0.0010   0.9048   3.1202  -459.388
 15  14    248.2     63.8   0.0004   0.3734   0.0010   0.2299   0.7851  -438.499
 16   1    254.2     57.8   0.0010   0.9768   0.0010   0.5454   0.5190  -461.646
 16   2    253.0     59.0   0.0013   1.2733   0.0010   0.7248   0.6461  -457.749
 16   3    248.5     63.5   0.0017   1.7345   0.0010   1.0624   0.7528  -472.262
 16   4    254.2     57.8   0.0029   2.8558   0.0010   1.5937   0.6294  -460.286
 16   5    254.2     57.8   0.0029   2.8558   0.0010   1.5937   0.6294  -460.286
 16   6    232.7     79.3   0.0033   3.2919   0.0010   2.5163   4.0304  -456.096
 16   7    232.7     79.3   0.0033   3.2919   0.0010   2.5163   4.0304  -456.096
 16   8    234.2     77.8   0.0012   1.1573   0.0010   0.8680   2.3775  -454.128
 16   9    223.9     88.1   0.0041   4.0739   0.0010   3.4613   5.3402  -465.351
 16  10    222.5     89.5   0.0041   4.0865   0.0010   3.5243   5.3618  -466.448
 16  11    251.4     60.6   0.0049   4.8754   0.0010   2.8547   0.4079  -492.320
 16  12    227.0     85.0   0.0006   0.6446   0.0010   0.5283   2.3504  -459.631
 16  13    240.1     71.9   0.0010   0.9802   0.0010   0.6797   1.3021  -460.103
 16  14    238.1     73.9   0.0000   0.0000   0.0010   0.0000   1.5847  -374.866
 16  15    248.2     63.8   0.0004   0.3734   0.0010   0.2299   0.7851  -438.499
 17   1    248.7     63.3   0.0008   0.7975   0.0010   0.4870   0.7023  -463.401
 17   2    242.6     69.4   0.0088   8.8264   0.0010   5.9086   1.3553  -471.690
 17   3    252.4     59.6   0.0011   1.0824   0.0010   0.6232   0.5590  -465.588
 17   4    248.0     64.0   0.0116  11.5830   0.0010   7.1607   0.9693  -470.932
 17   5    248.0     64.0   0.0116  11.5830   0.0010   7.1607   0.9693  -470.932
 17   6    241.2     70.8   0.0080   8.0193   0.0010   5.4758   1.7040  -468.963
 17   7    241.2     70.8   0.0080   8.0193   0.0010   5.4758   1.7040  -468.963
 17   8    231.3     80.7   0.0011   1.1452   0.0010   0.8909   2.5638  -458.219
 17   9    256.2     55.8   0.0019   1.8833   0.0010   1.0149   0.4000  -464.983
 17  10    256.0     56.0   0.0020   1.9923   0.0010   1.0772   0.4000  -466.376
 17  11    230.5     81.5   0.0065   6.4916   0.0010   5.1013   1.6887  -486.645
 17  12    227.3     84.7   0.0006   0.5618   0.0010   0.4585   2.2658  -450.946
 17  13    225.6     86.4   0.0011   1.0868   0.0010   0.9048   3.1202  -459.388
 17  14    248.2     63.8   0.0004   0.3734   0.0010   0.2299   0.7851  -438.499
 17  15    240.7     71.3   0.0000   0.0000   0.0010   0.0000   1.3416  -375.488
 17  16    248.2     63.8   0.0004   0.3734   0.0010   0.2299   0.7851  -438.499
 18   1    247.7     64.3   0.0011   1.1287   0.0010   0.7007   0.8401  -462.887
 18   2    249.5     62.5   0.0107  10.6524   0.0010   6.4282   0.8842  -465.023
 18   3    258.2     53.8   0.0016   1.6084   0.0010   0.8367   0.4000  -473.781
 18   4    242.3     69.7   0.0176  17.6216   0.0010  11.8530   1.6300  -475.527
 18   5    242.3     69.7   0.0176  17.6216   0.0010  11.8530   1.6300  -475.527
 18   6    248.5     63.5   0.0096   9.5520   0.0010   5.8591   1.0708  -462.728
 18   7    248.5     63.5   0.0096   9.5520   0.0010   5.8591   1.0708  -462.728
 18   8    214.3     97.7   0.0063   6.2881   0.0010   5.9202  16.0358  -463.862
 18   9    215.1     96.9   0.0074   7.4240   0.0010   6.9361  14.0557  -473.549
 18  10    213.3     98.7   0.0075   7.4776   0.0010   7.1101  14.1115  -475.075
 18  11    225.5     86.5   0.0061   6.1238   0.0010   5.1062   2.2822  -485.565
 18  12    210.6    101.4   0.0004   0.4146   0.0010   0.4050   6.2788  -440.228
 18  13    207.2    104.8   0.0042   4.1670   0.0010   4.2081  12.9965  -463.022
 18  14    258.8     53.2   0.0008   0.7742   0.0010   0.3980   0.4386  -443.808
 18  15    244.1     67.9   0.0005   0.4864   0.0010   0.3185   1.1092  -436.418
 18  16    258.8     53.2   0.0008   0.7742   0.0010   0.3980   0.4386  -443.808
 18  17    244.1     67.9   0.0005   0.4864   0.0010   0.3185   1.1092  -436.418

