

2 (Ltspi.PHUM226110) ... 1 (Hbarb.PHUM226110)
  0  0.0000    449.382214  x:  0.29425   1.52332  
  1 99.0000    448.551046  x:  0.41072   1.53953  
  2 16.8495    446.424367  x:  0.43963   4.72292  
  3  2.5290    446.285432  x:  0.52019   4.85872  
  4  0.0532    446.272512  x:  0.53159   5.36077  
  5  0.0739    446.272189  x:  0.53649   5.37692  
  6  0.0105    446.272188  x:  0.53646   5.37956  
  7  0.0023    446.272188  x:  0.53648   5.37974  
  8  0.0002    446.272188  x:  0.53648   5.37974  

3 (Nepac.PHUM226110) ... 1 (Hbarb.PHUM226110)
  0  0.0000    443.559170  x:  0.30236   4.30862  
  1 99.0000    443.540558  x:  0.31895   4.30312  
  2  2.2031    442.091654  x:  0.29333   1.64099  
  3  0.7437    442.085544  x:  0.28519   1.62478  
  4  0.0244    442.085433  x:  0.28515   1.63819  
  5  0.0632    442.085432  x:  0.28510   1.63793  
  6  0.0003    442.085432  x:  0.28510   1.63792  

3 (Nepac.PHUM226110) ... 2 (Ltspi.PHUM226110)
  0  0.0000    468.690886  x:  0.31843   1.78315  
  1 99.0000    463.069843  x:  4.22369  13.09652  
  2 95.3002    460.136320  x:  1.73705  13.99657  
  3  1.4356    460.136320  x:  1.73705  13.99657  
  4  0.1942    459.993402  x:  2.22254  15.34192  
  5  0.1788    458.583420  x:  4.38153  36.11773  
  6  2.6110    458.019162  x:  6.83402  78.33042  
  7  5.2855    457.944487  x:  5.27743  64.66473  
  8  3.3165    457.944487  x:  5.27741  64.66458  
  9  9.8249    457.933093  x:  4.97361  64.59796  
 10  0.2285    457.933092  x:  4.97027  64.59732  
 11  0.0027    457.933088  x:  4.97195  64.59839  
 12  0.0002    457.933063  x:  4.98691  64.61396  
 13  0.0162    457.932861  x:  4.97590  64.65019  
 14  0.0047    457.931152  x:  4.90266  65.38071  
 15  0.4757    457.919264  x:  5.08622  68.55523  
 16  0.3975    457.904076  x:  5.79922  81.14345  
 17  8.2449    457.903717  x:  5.69813  79.36777  
 18  2.6768    457.903716  x:  5.70139  79.43859  
 19  2.3342    457.903709  x:  5.69175  79.41443  
 20  0.0234    457.903709  x:  5.69174  79.41584  
 21  0.0008    457.903709  x:  5.69174  79.41584  
 22  0.0018    457.903709  x:  5.69174  79.41584  

4 (PdhumCA.PHUM226110) ... 1 (Hbarb.PHUM226110)
  0  0.0000    456.086871  x:  0.33856   5.00000  
  1 99.0000    454.245974  x:  0.66814   4.97457  
  2 17.6332    452.779037  x:  0.53727   0.40000  
  3  0.8561    451.219256  x:  0.55788   1.17951  
  4  4.1188    450.553438  x:  0.40956   1.23964  
  5  0.1467    450.535682  x:  0.40176   1.13111  
  6  0.0295    450.535148  x:  0.40486   1.12456  
  7  0.0129    450.535148  x:  0.40479   1.12404  
  8  0.0006    450.535148  x:  0.40479   1.12405  

4 (PdhumCA.PHUM226110) ... 2 (Ltspi.PHUM226110)
  0  0.0000    454.529469  x:  0.30028   1.64360  
  1 99.0000    453.919385  x:  0.39129   1.38733  
  2 50.0760    453.874848  x:  0.42654   1.39346  
  3  9.1738    453.874829  x:  0.42658   1.39346  
  4  0.1899    453.874828  x:  0.42658   1.39346  
  5  0.0025    453.874828  x:  0.42658   1.39346  
  6  0.0001    453.808314  x:  0.39452   1.52325  
  7  0.7657    453.791552  x:  0.38340   1.62272  
  8 44.4707    453.771626  x:  0.40083   1.56052  
  9  0.1038    453.742126  x:  0.43023   1.56235  
 10  0.0134    453.742071  x:  0.43023   1.56235  
 11  0.0009    453.742071  x:  0.43023   1.56235  
 12  0.0013    453.596953  x:  0.42525   2.09367  
 13  0.8410    453.570059  x:  0.46082   2.15293  
 14  2.7311    453.570059  x:  0.46082   2.15293  
 15  0.2659    453.569651  x:  0.45652   2.15501  
 16  0.2239    453.569589  x:  0.45648   2.15495  
 17  0.0350    453.569589  x:  0.45648   2.15495  
 18  0.0008    453.569081  x:  0.46168   2.17928  
 19  0.1229    453.568796  x:  0.45832   2.18012  
 20  0.0463    453.568787  x:  0.45832   2.18012  
 21  0.0980    453.568768  x:  0.45832   2.18012  

4 (PdhumCA.PHUM226110) ... 3 (Nepac.PHUM226110)
  0  0.0000    447.131560  x:  0.38143   2.38093  
  1 99.0000    445.575430  x:  0.63998   2.38208  
  2 16.6371    445.088000  x:  0.71280   4.30219  
  3  0.7059    444.939098  x:  0.93093   4.80706  
  4  0.0807    444.902231  x:  1.02034   5.97015  
  5  0.2458    444.895678  x:  1.11240   6.33984  
  6  0.1169    444.895427  x:  1.12108   6.45708  
  7  0.0670    444.895422  x:  1.12341   6.46589  
  8  0.0072    444.895422  x:  1.12354   6.46720  
  9  0.0012    444.895422  x:  1.12354   6.46720  

5 (PdhumNE.PHUM226110) ... 1 (Hbarb.PHUM226110)
  0  0.0000    455.501982  x:  0.40221   5.22499  
  1 99.0000    454.428304  x:  0.69631   5.19057  
  2 10.6784    451.060467  x:  0.53358   1.11942  
  3  0.8220    450.958040  x:  0.49852   0.90091  
  4  1.5923    450.548684  x:  0.39882   1.03566  
  5  0.5933    450.535455  x:  0.40712   1.11892  
  6  0.1015    450.535148  x:  0.40477   1.12382  
  7  0.0074    450.535148  x:  0.40479   1.12405  
  8  0.0002    450.535148  x:  0.40479   1.12405  

5 (PdhumNE.PHUM226110) ... 2 (Ltspi.PHUM226110)
  0  0.0000    455.446485  x:  0.25588   1.64324  
  1 99.0000    453.568919  x:  0.46154   2.27367  
  2 109.9171    453.568786  x:  0.46366   2.27307  
  3  1.1942    453.568786  x:  0.46368   2.27307  
  4 959.2231    453.568760  x:  0.46368   2.27307  

5 (PdhumNE.PHUM226110) ... 3 (Nepac.PHUM226110)
  0  0.0000    446.443164  x:  0.43122   2.45331  
  1 99.0000    445.525274  x:  0.64788   2.45608  
  2 11.0429    445.052955  x:  0.74151   4.50992  
  3  0.6552    444.929996  x:  0.94413   4.94841  
  4  0.0851    444.900397  x:  1.03644   6.06373  
  5  0.2310    444.895563  x:  1.11493   6.37094  
  6  0.1089    444.895424  x:  1.12162   6.45700  
  7  0.0540    444.895422  x:  1.12356   6.46736  
  8  0.0084    444.895422  x:  1.12354   6.46720  
  9  0.0002    444.895422  x:  1.12354   6.46720  

5 (PdhumNE.PHUM226110) ... 4 (PdhumCA.PHUM226110)
  0  0.0000    387.964554  x:  0.32748   5.17649  
  1 99.0000    362.320567  x:  0.00001   5.17844  

6 (PdschKE.PHUM226110) ... 1 (Hbarb.PHUM226110)
  0  0.0000    446.526851  x:  0.28775   4.19049  
  1 99.0000    445.303540  x:  0.46335   4.18190  
  2 18.3536    444.267891  x:  0.42268   1.78827  
  3  0.5871    444.198877  x:  0.38425   1.56628  
  4  0.2268    444.177704  x:  0.37482   1.71907  
  5  0.5122    444.177683  x:  0.37545   1.72288  
  6  0.0047    444.177683  x:  0.37543   1.72328  
  7  0.0004    444.177683  x:  0.37543   1.72328  

6 (PdschKE.PHUM226110) ... 2 (Ltspi.PHUM226110)
  0  0.0000    420.829970  x:  0.24575   2.07921  
  1 99.0000    420.642928  x:  0.29349   2.07984  
  2  8.5704    420.598419  x:  0.29940   2.49481  
  3  0.2356    420.598006  x:  0.30206   2.49827  
  4  0.0030    420.598005  x:  0.30204   2.49982  
  5  0.0012    420.598005  x:  0.30205   2.49991  
  6  0.0001    420.598005  x:  0.30205   2.49992  

6 (PdschKE.PHUM226110) ... 3 (Nepac.PHUM226110)
  0  0.0000    468.650885  x:  0.49043   2.43829  
  1 99.0000    468.266791  x:  0.60353   2.16575  
  2 24.3050    467.951827  x:  0.82041   2.22094  
  3  3.6212    467.951826  x:  0.82040   2.22094  
  4  0.0362    467.940846  x:  0.77439   2.22170  
  5  0.0329    467.940840  x:  0.77391   2.22171  
  6  0.0011    467.940838  x:  0.77344   2.22172  
  7  0.0004    467.940831  x:  0.77333   2.22173  
  8  0.0000    467.939677  x:  0.75855   2.22356  
  9  0.0019    467.929045  x:  0.76595   2.22958  
 10  0.0012    466.916250  x:  1.43400   3.52752  
 11  0.1825    465.603544  x:  3.05305   8.16013  
 12  0.6134    465.046231  x:  5.17792  15.67167  
 13  0.9758    464.637020  x:  6.36373  22.16571  
 14  0.8252    463.649985  x:  9.43595  54.16779  
 15  4.0187    463.073587  x:  5.71956  47.57443  
 16  1.2202    463.047150  x:  4.84148  39.68425  
 17  1.7742    463.039162  x:  4.85367  37.72004  
 18  5.0715    463.039128  x:  4.88236  37.90952  
 19  3.7821    463.039126  x:  4.88685  37.92384  
 20  0.0387    463.039126  x:  4.88687  37.92381  
 21  0.0053    463.039126  x:  4.88687  37.92381  
 22  0.0030    463.039126  x:  4.88687  37.92381  
check convergence!


6 (PdschKE.PHUM226110) ... 4 (PdhumCA.PHUM226110)
  0  0.0000    415.611146  x:  0.05032   5.00000  
  1 99.0000    414.441288  x:  0.09106   5.24140  
  2 549.1024    414.426827  x:  0.09484   5.24080  
  3  2.1082    414.426827  x:  0.09484   5.24080  
check convergence!


6 (PdschKE.PHUM226110) ... 5 (PdhumNE.PHUM226110)
  0  0.0000    415.023861  x:  0.05278   4.32664  
  1 99.0000    414.809721  x:  0.05276   4.32669  
  2 62.8339    414.747630  x:  0.05276   4.32669  
  3 1993.4613    414.747630  x:  0.05276   4.32669  

7 (PdschUG.PHUM226110) ... 1 (Hbarb.PHUM226110)
  0  0.0000    445.398071  x:  0.35018   3.78573  
  1 99.0000    445.065350  x:  0.44775   3.77599  
  2  7.8393    444.197615  x:  0.39639   1.73152  
  3  0.5867    444.179372  x:  0.37630   1.67006  
  4  0.0809    444.177686  x:  0.37567   1.72417  
  5  0.1761    444.177683  x:  0.37543   1.72333  
  6  0.0010    444.177683  x:  0.37543   1.72328  

7 (PdschUG.PHUM226110) ... 2 (Ltspi.PHUM226110)
  0  0.0000    421.182488  x:  0.21756   1.97821  
  1 99.0000    420.670637  x:  0.29209   1.97883  
  2 15.9911    420.599296  x:  0.29732   2.48601  
  3  0.3154    420.598011  x:  0.30209   2.49528  
  4  0.0059    420.598005  x:  0.30201   2.49953  
  5  0.0032    420.598005  x:  0.30205   2.49991  
  6  0.0003    420.598005  x:  0.30205   2.49992  

7 (PdschUG.PHUM226110) ... 3 (Nepac.PHUM226110)
  0  0.0000    469.642075  x:  0.40744   2.60162  
  1 99.0000    467.393141  x:  0.82004   2.61237  
  2 17.8028    464.853256  x:  1.26899  12.69776  
  3  1.2619    463.836382  x:  1.93289  15.49747  
  4  0.3597    463.179805  x:  4.16602  25.96180  
  5  1.9965    463.118076  x:  4.27792  28.26567  
  6  0.2883    463.040682  x:  4.69501  36.70612  
  7  5.0590    463.039250  x:  4.84425  37.33548  
  8  0.1895    463.039127  x:  4.88768  37.85223  
  9  0.3421    463.039121  x:  4.87746  37.80208  
 10  0.0539    463.039121  x:  4.87788  37.81487  
 11  0.0577    463.039121  x:  4.87891  37.81918  
 12  0.0028    463.039121  x:  4.87891  37.81918  
check convergence!


7 (PdschUG.PHUM226110) ... 4 (PdhumCA.PHUM226110)
  0  0.0000    414.767191  x:  0.06576   5.00000  
  1 99.0000    414.601927  x:  0.06572   5.00071  
  2 169.2457    414.359159  x:  0.09259   5.00379  
  3 10.1840    414.359159  x:  0.09259   5.00379  
  4  0.0048    414.350481  x:  0.09259   5.00379  
  5  9.6250    414.350481  x:  0.09259   5.00379  
check convergence!


7 (PdschUG.PHUM226110) ... 5 (PdhumNE.PHUM226110)
  0  0.0000    414.482849  x:  0.06295   4.00301  
  1 99.0000    414.046110  x:  0.08955   4.00231  
  2 70.6372    414.046110  x:  0.08955   4.00231  
check convergence!


7 (PdschUG.PHUM226110) ... 6 (PdschKE.PHUM226110)
  0  0.0000    360.084877  x:  0.00587   3.46873  
  1 99.0000    359.478756  x:  0.00001   3.46873  

8 (Pnbad.PHUM226110) ... 1 (Hbarb.PHUM226110)
  0  0.0000    451.410373  x:  0.36489   3.09782  
  1 99.0000    451.008727  x:  0.46416   3.09280  
  2  9.1791    450.899345  x:  0.45026   2.37537  
  3  0.2673    450.896895  x:  0.44156   2.35360  
  4  0.0180    450.896875  x:  0.44163   2.36170  
  5  0.0122    450.896875  x:  0.44162   2.36165  
  6  0.0001    450.896875  x:  0.44162   2.36165  

8 (Pnbad.PHUM226110) ... 2 (Ltspi.PHUM226110)
  0  0.0000    455.341031  x:  0.36366   2.45457  
  1 99.0000    454.792381  x:  0.48829   2.45518  
  2 10.4222    454.399251  x:  0.60413   4.23788  
  3  0.7312    454.393939  x:  0.57899   4.10293  
  4  0.0597    454.393938  x:  0.57868   4.10081  
  5  0.0956    454.393401  x:  0.57319   4.10159  
  6  0.0049    454.393401  x:  0.57319   4.10159  
  7  0.0130    454.393119  x:  0.57088   4.13011  
  8  0.1591    454.392857  x:  0.57625   4.13484  
  9  0.1477    454.392852  x:  0.57626   4.13486  
 10  0.0361    454.392852  x:  0.57626   4.13486  
check convergence!


8 (Pnbad.PHUM226110) ... 3 (Nepac.PHUM226110)
  0  0.0000    444.296017  x:  0.36341   3.43235  
  1 99.0000    443.459607  x:  0.53243   3.42988  
  2 12.4534    443.416697  x:  0.54971   4.10562  
  3  0.1403    443.410606  x:  0.57427   4.19543  
  4  0.0329    443.410544  x:  0.57465   4.22258  
  5  0.0194    443.410544  x:  0.57488   4.22369  
  6  0.0010    443.410544  x:  0.57488   4.22374  

8 (Pnbad.PHUM226110) ... 4 (PdhumCA.PHUM226110)
  0  0.0000    422.520210  x:  0.25523   3.65696  
  1 99.0000    422.137508  x:  0.33139   3.65165  
  2 11.5682    421.116324  x:  0.30307   1.56019  
  3  0.6564    421.104812  x:  0.29095   1.52561  
  4  0.0392    421.104084  x:  0.29056   1.56013  
  5  0.1213    421.104082  x:  0.29043   1.55885  
  6  0.0013    421.104082  x:  0.29044   1.55879  

8 (Pnbad.PHUM226110) ... 5 (PdhumNE.PHUM226110)
  0  0.0000    421.421476  x:  0.23997   1.83934  
  1 99.0000    421.142856  x:  0.29470   1.83743  
  2 11.2466    421.104152  x:  0.29138   1.56111  
  3  0.2571    421.104083  x:  0.29047   1.55731  
  4  0.0032    421.104082  x:  0.29044   1.55880  
  5  0.0018    421.104082  x:  0.29044   1.55879  

8 (Pnbad.PHUM226110) ... 6 (PdschKE.PHUM226110)
  0  0.0000    446.988918  x:  0.20989   1.89674  
  1 99.0000    445.373285  x:  0.34806   1.88580  
  2 30.4746    445.174224  x:  0.41185   2.65259  
  3  0.1275    445.169492  x:  0.42372   2.84459  
  4  0.8841    445.078108  x:  0.37577   2.91257  
  5  0.0212    445.078050  x:  0.37577   2.91256  
  6  0.1789    445.078050  x:  0.37577   2.91256  
  7  0.0008    445.077441  x:  0.37232   2.94314  
  8  0.2651    445.076754  x:  0.37693   2.94636  
  9  0.1882    445.076622  x:  0.37775   2.94770  
 10  0.0051    445.076585  x:  0.37773   2.94767  
 11  0.0017    445.076585  x:  0.37773   2.94767  
check convergence!


8 (Pnbad.PHUM226110) ... 7 (PdschUG.PHUM226110)
  0  0.0000    446.077342  x:  0.24691   2.88625  
  1 99.0000    445.080047  x:  0.37444   2.87968  
  2 19.5179    445.074952  x:  0.38463   3.05820  
  3  0.0224    445.074952  x:  0.38507   3.06937  
  4  0.2134    445.074216  x:  0.38054   3.04420  
  5  0.0154    445.074216  x:  0.38054   3.04420  
check convergence!


9 (Ptgot.PHUM226110) ... 1 (Hbarb.PHUM226110)
  0  0.0000    454.758251  x:  0.41135   2.93528  
  1 99.0000    454.713401  x:  0.44511   2.92881  
  2  2.7277    454.473777  x:  0.42028   2.02644  
  3  0.4511    454.473447  x:  0.41749   2.02342  
  4  0.0045    454.473445  x:  0.41752   2.02536  
  5  0.0034    454.473445  x:  0.41752   2.02535  

9 (Ptgot.PHUM226110) ... 2 (Ltspi.PHUM226110)
  0  0.0000    459.413710  x:  0.28045   2.17865  
  1 99.0000    458.319596  x:  0.42549   2.18524  
  2 19.2662    457.724990  x:  0.43354   3.92129  
  3  0.9989    457.669748  x:  0.47129   3.72618  
  4  0.1031    457.659172  x:  0.49711   3.80681  
  5  0.0286    457.659098  x:  0.49710   3.80674  
  6  0.0909    457.656770  x:  0.48672   3.80608  
  7  0.0241    457.656724  x:  0.48585   3.80601  
  8  0.0005    457.656724  x:  0.48585   3.80601  
  9  0.0004    457.654866  x:  0.49679   3.83738  
 10  0.0589    457.649044  x:  0.52164   4.01543  
 11  1.5216    457.616557  x:  0.51250   4.49264  
 12  0.0883    457.616497  x:  0.51248   4.49226  
 13  0.2421    457.616033  x:  0.51852   4.49268  
 14  0.0073    457.616033  x:  0.51852   4.49268  
check convergence!


9 (Ptgot.PHUM226110) ... 3 (Nepac.PHUM226110)
  0  0.0000    441.795341  x:  0.31262   3.98824  
  1 99.0000    441.261857  x:  0.41925   3.98619  
  2 11.7478    441.253687  x:  0.41504   3.69974  
  3  0.0544    441.253381  x:  0.41184   3.68550  
  4  0.0091    441.253381  x:  0.41189   3.68784  
  5  0.0026    441.253381  x:  0.41190   3.68784  

9 (Ptgot.PHUM226110) ... 4 (PdhumCA.PHUM226110)
  0  0.0000    415.598430  x:  0.16615   3.29421  
  1 99.0000    415.101031  x:  0.22310   3.29336  
  2 19.9697    415.020908  x:  0.21956   2.59152  
  3  0.2004    415.020222  x:  0.21724   2.58458  
  4  0.0054    415.020222  x:  0.21722   2.58635  
  5  0.0025    415.020221  x:  0.21721   2.58622  

9 (Ptgot.PHUM226110) ... 5 (PdhumNE.PHUM226110)
  0  0.0000    415.507819  x:  0.16251   2.47931  
  1 99.0000    415.022766  x:  0.21633   2.47914  
  2 20.4651    415.020238  x:  0.21686   2.58664  
  3  0.0487    415.020222  x:  0.21721   2.58574  
  4  0.0007    415.020221  x:  0.21721   2.58622  

9 (Ptgot.PHUM226110) ... 6 (PdschKE.PHUM226110)
  0  0.0000    439.651124  x:  0.19653   2.64986  
  1 99.0000    439.233650  x:  0.25825   2.65145  
  2 16.1307    438.973023  x:  0.23212   3.53998  
  3  0.1402    438.972731  x:  0.23330   3.50073  
  4  0.8122    438.880571  x:  0.26387   3.49353  
  5  0.0268    438.880312  x:  0.26387   3.49353  
  6  0.0453    438.880312  x:  0.26387   3.49353  
  7  0.0008    438.805339  x:  0.29625   4.14723  
  8  1.9418    438.760259  x:  0.26981   4.18702  
  9  4.5582    438.760096  x:  0.26981   4.18702  
 10  0.1528    438.760096  x:  0.26981   4.18702  
 11  0.0026    438.759922  x:  0.26982   4.18702  
 12  0.4026    438.759808  x:  0.27241   4.18735  
 13  0.6524    438.759802  x:  0.27241   4.18735  

9 (Ptgot.PHUM226110) ... 7 (PdschUG.PHUM226110)
  0  0.0000    440.230552  x:  0.16279   3.58485  
  1 99.0000    438.850677  x:  0.26437   3.61591  
  2 36.4582    438.850677  x:  0.26437   3.61591  
  3  0.6325    438.849854  x:  0.26915   3.62386  
  4  0.9279    438.849495  x:  0.26915   3.62386  
  5  0.1802    438.849495  x:  0.26915   3.62386  
check convergence!


9 (Ptgot.PHUM226110) ... 8 (Pnbad.PHUM226110)
  0  0.0000    423.505950  x:  0.26993   3.12127  
  1 99.0000    423.427385  x:  0.30162   3.12203  
  2  5.2427    423.365962  x:  0.31025   3.85664  
  3  0.1885    423.365785  x:  0.31195   3.85756  
  4  0.0015    423.365785  x:  0.31193   3.85767  
  5  0.0001    423.365785  x:  0.31194   3.85771  
  6  0.0000    423.365785  x:  0.31194   3.85771  
  7  0.0000    423.365785  x:  0.31194   3.85771  

10 (Ptpub.PHUM226110) ... 1 (Hbarb.PHUM226110)
  0  0.0000    456.450368  x:  0.40267   3.27561  
  1 99.0000    456.247627  x:  0.47690   3.26820  
  2  5.9958    455.937572  x:  0.44895   2.15244  
  3  0.4512    455.934940  x:  0.44053   2.13902  
  4  0.0155    455.934914  x:  0.44061   2.14701  
  5  0.0154    455.934914  x:  0.44058   2.14694  
  6  0.0001    455.934914  x:  0.44058   2.14694  

10 (Ptpub.PHUM226110) ... 2 (Ltspi.PHUM226110)
  0  0.0000    460.624913  x:  0.32626   2.34565  
  1 99.0000    459.953474  x:  0.45109   2.34700  
  2 13.0593    459.356537  x:  0.63799   4.64813  
  3  1.2159    459.274447  x:  0.60742   5.40483  
  4  0.1552    459.264928  x:  0.56894   5.05363  
  5  0.0856    459.264922  x:  0.56930   5.05761  
  6  0.1599    459.264206  x:  0.57128   4.98034  
  7  0.0623    459.264188  x:  0.57142   4.98536  
  8  0.0424    459.264187  x:  0.57142   4.98536  

10 (Ptpub.PHUM226110) ... 3 (Nepac.PHUM226110)
  0  0.0000    443.877915  x:  0.30685   3.99329  
  1 99.0000    443.034253  x:  0.44182   3.99129  
  2 15.2657    443.033556  x:  0.44058   3.90597  
  3  0.0161    443.033521  x:  0.43944   3.90104  
  4  0.0027    443.033521  x:  0.43945   3.90149  
  5  0.0005    443.033521  x:  0.43944   3.90148  

10 (Ptpub.PHUM226110) ... 4 (PdhumCA.PHUM226110)
  0  0.0000    417.748637  x:  0.22402   3.41805  
  1 99.0000    417.718126  x:  0.24048   3.41719  
  2  3.8260    417.656463  x:  0.23554   2.77296  
  3  0.1709    417.656377  x:  0.23466   2.77111  
  4  0.0020    417.656377  x:  0.23466   2.77146  
  5  0.0005    417.656377  x:  0.23465   2.77145  

10 (Ptpub.PHUM226110) ... 5 (PdhumNE.PHUM226110)
  0  0.0000    417.833355  x:  0.19750   2.58189  
  1 99.0000    417.663653  x:  0.23289   2.58191  
  2 10.3338    417.656396  x:  0.23425   2.77239  
  3  0.0799    417.656377  x:  0.23465   2.77122  
  4  0.0010    417.656377  x:  0.23465   2.77145  

10 (Ptpub.PHUM226110) ... 6 (PdschKE.PHUM226110)
  0  0.0000    442.573423  x:  0.19231   2.56892  
  1 99.0000    441.829312  x:  0.27211   2.56326  
  2 22.5736    441.752346  x:  0.30593   2.78655  
  3  1.8158    441.577862  x:  0.26470   2.98672  
  4  0.0464    441.432358  x:  0.24655   3.70785  
  5  0.3064    441.412788  x:  0.24222   4.14595  
  6  9.7901    441.243084  x:  0.28613   4.00802  
  7  0.0616    441.212565  x:  0.30961   4.33678  
  8  0.2921    441.169814  x:  0.28981   4.64518  
  9  0.1185    441.159324  x:  0.28759   5.06257  
 10  0.4201    441.159324  x:  0.28759   5.06257  
 11  0.8417    441.148168  x:  0.30142   5.06590  
 12  1.7031    441.148162  x:  0.30142   5.06590  
 13  0.7870    441.148162  x:  0.30142   5.06590  
 14  0.0003    441.148103  x:  0.30082   5.06370  
 15  0.1609    441.148103  x:  0.30082   5.06370  
 16  0.3831    441.148048  x:  0.30082   5.06369  
 17  0.1980    441.147928  x:  0.30092   5.06363  
 18  0.1202    441.147928  x:  0.30092   5.06363  
check convergence!


10 (Ptpub.PHUM226110) ... 7 (PdschUG.PHUM226110)
  0  0.0000    441.760849  x:  0.21417   4.16863  
  1 99.0000    441.217273  x:  0.29215   4.16611  
  2 16.6013    441.211807  x:  0.30062   4.24366  
  3  1.2856    441.180980  x:  0.28381   4.59048  
  4  0.0434    441.180650  x:  0.28376   4.58912  
  5  0.6516    441.171005  x:  0.29632   4.58904  
  6  0.0232    441.171005  x:  0.29632   4.58904  
  7  0.0008    441.170959  x:  0.29632   4.58904  
  8  0.6598    441.170959  x:  0.29632   4.58904  
check convergence!


10 (Ptpub.PHUM226110) ... 8 (Pnbad.PHUM226110)
  0  0.0000    425.989799  x:  0.27892   3.84521  
  1 99.0000    425.804788  x:  0.33120   3.84492  
  2  7.7303    425.800081  x:  0.33370   4.07829  
  3  0.0421    425.800034  x:  0.33463   4.07772  
  4  0.0008    425.800034  x:  0.33464   4.07836  
  5  0.0006    425.800034  x:  0.33464   4.07836  

10 (Ptpub.PHUM226110) ... 9 (Ptgot.PHUM226110)
  0  0.0000    371.947040  x:  0.00966   3.64239  
  1 99.0000    371.947008  x:  0.00974   3.64240  
  2  0.8247    371.928068  x:  0.00975   4.05174  
  3  0.0512    371.783200  x:  0.00988  19.38609  
  4  1.9168    371.774837  x:  0.00915  25.93586  
  5  0.8187    371.759486  x:  0.01052  51.95213  
  6  5.4129    371.754412  x:  0.00957  62.83140  
  7  4.8169    371.748252  x:  0.01016  125.42941  
  8  7.8248    371.746301  x:  0.00960  161.41542  
  9 18.5935    371.744203  x:  0.01008  291.71163  
 10 20.6910    371.743246  x:  0.00968  372.72441  
 11 39.0436    371.742314  x:  0.00998  692.92163  
 12 50.0308    371.741915  x:  0.00972  878.61739  
 13 93.3373    371.741781  x:  0.00975  999.00000  
 14 114.8016    371.741771  x:  0.00980  999.00000  

11 (Mysp.PHUM226110) ... 1 (Hbarb.PHUM226110)
  0  0.0000    504.467137  x:  1.64491   5.00000  
  1 99.0000    494.836955  x:  6.75187   3.65992  
  2  8.4706    494.536593  x:  6.33908   1.90319  
  3  0.2256    494.476646  x:  6.03959   1.12354  
  4  1.5678    494.263493  x:  4.44379   0.40000  
  5  0.2755    494.101746  x:  3.40163   0.53396  
  6  3.6380    494.079457  x:  3.07299   0.40000  
  7  0.3479    494.079453  x:  3.07795   0.40000  
  8  0.0459    494.079453  x:  3.07793   0.40000  

11 (Mysp.PHUM226110) ... 2 (Ltspi.PHUM226110)
  0  0.0000    485.891709  x:  2.17702   1.19133  
  1 99.0000    485.093284  x:  3.75169   0.88560  
  2  1.4614    485.076581  x:  3.74221   0.73588  
  3  0.1932    485.076540  x:  3.73613   0.73074  
  4  0.0084    485.076518  x:  3.72589   0.73408  
  5  0.0060    485.076518  x:  3.72593   0.73414  
  6  0.0001    485.076518  x:  3.72593   0.73414  

11 (Mysp.PHUM226110) ... 3 (Nepac.PHUM226110)
  0  0.0000    489.397973  x:  2.02812   1.18448  
  1 99.0000    488.154728  x:  4.00146   0.95004  
  2  1.9299    488.061791  x:  4.19330   1.57637  
  3  0.3755    488.061234  x:  4.25470   1.57220  
  4  0.0192    488.061228  x:  4.25706   1.57893  
  5  0.0035    488.061228  x:  4.25731   1.57890  
  6  0.0003    488.061228  x:  4.25731   1.57890  
  7  0.0000    488.061228  x:  4.25731   1.57890  

11 (Mysp.PHUM226110) ... 4 (PdhumCA.PHUM226110)
  0  0.0000    481.784710  x:  1.83243   1.90098  
  1 99.0000    481.286380  x:  2.64926   1.51960  
  2  1.4399    481.225190  x:  2.50714   1.05731  
  3  0.2150    481.223779  x:  2.45250   1.06644  
  4  0.0299    481.223751  x:  2.45227   1.07500  
  5  0.0148    481.223751  x:  2.45128   1.07491  
  6  0.0011    481.223751  x:  2.45128   1.07490  

11 (Mysp.PHUM226110) ... 5 (PdhumNE.PHUM226110)
  0  0.0000    481.606465  x:  1.79075   1.45238  
  1 99.0000    481.232058  x:  2.49836   1.22387  
  2  1.2828    481.223805  x:  2.46098   1.06913  
  3  0.0995    481.223756  x:  2.45382   1.07733  
  4  0.0065    481.223751  x:  2.45128   1.07493  
  5  0.0036    481.223751  x:  2.45128   1.07490  

11 (Mysp.PHUM226110) ... 6 (PdschKE.PHUM226110)
  0  0.0000    481.523723  x:  1.72940   1.61354  
  1 99.0000    480.489058  x:  3.06659   1.16501  
  2  2.2278    480.464688  x:  2.99803   0.92839  
  3  0.1693    480.463695  x:  2.94230   0.91343  
  4  0.0265    480.463430  x:  2.92874   0.93477  
  5  0.0285    480.463430  x:  2.92910   0.93477  
  6  0.0004    480.463430  x:  2.92910   0.93477  

11 (Mysp.PHUM226110) ... 7 (PdschUG.PHUM226110)
  0  0.0000    480.964009  x:  1.97960   1.33857  
  1 99.0000    480.465018  x:  2.96080   0.98625  
  2  1.2695    480.463482  x:  2.94284   0.93242  
  3  0.0517    480.463430  x:  2.92911   0.93365  
  4  0.0064    480.463430  x:  2.92910   0.93478  
  5  0.0012    480.463430  x:  2.92910   0.93477  

11 (Mysp.PHUM226110) ... 8 (Pnbad.PHUM226110)
  0  0.0000    485.161168  x:  2.08152   1.59381  
  1 99.0000    484.621370  x:  2.86050   1.17877  
  2  1.4911    484.621297  x:  2.84937   1.16261  
  3  0.0072    484.621294  x:  2.84641   1.16314  
  4  0.0017    484.621294  x:  2.84652   1.16333  
  5  0.0002    484.621294  x:  2.84652   1.16333  

11 (Mysp.PHUM226110) ... 9 (Ptgot.PHUM226110)
  0  0.0000    484.662455  x:  1.68793   1.51199  
  1 99.0000    483.590617  x:  3.02968   1.41891  
  2  2.4307    483.499319  x:  3.16332   2.07530  
  3  0.3276    483.494243  x:  3.31384   2.08594  
  4  0.0410    483.493963  x:  3.32946   2.13265  
  5  0.0265    483.493962  x:  3.33131   2.13183  
  6  0.0019    483.493962  x:  3.33138   2.13193  

11 (Mysp.PHUM226110) ... 10 (Ptpub.PHUM226110)
  0  0.0000    484.523059  x:  2.12756   2.15719  
  1 99.0000    483.943709  x:  3.14557   1.81827  
  2  1.3842    483.929811  x:  3.27156   2.12805  
  3  0.0927    483.928678  x:  3.33420   2.11391  
  4  0.0279    483.928657  x:  3.34152   2.12695  
  5  0.0112    483.928657  x:  3.34163   2.12678  
  6  0.0002    483.928657  x:  3.34163   2.12678  

12 (Chtex.PHUM226110) ... 1 (Hbarb.PHUM226110)
  0  0.0000    477.340144  x:  0.86428   2.28776  
  1 99.0000    476.067841  x:  1.91559   2.15318  
  2  5.0281    475.297199  x:  2.71437   5.79665  
  3  0.4663    474.998646  x:  4.71874  11.24936  
  4  0.8244    474.977547  x:  4.72747  10.44333  
  5  0.1008    474.975713  x:  4.74622  10.17275  
  6  0.2839    474.975612  x:  4.79302  10.28883  
  7  0.0638    474.975612  x:  4.79267  10.28554  
  8  0.0033    474.975612  x:  4.79267  10.28554  

12 (Chtex.PHUM226110) ... 2 (Ltspi.PHUM226110)
  0  0.0000    470.617740  x:  0.87161   7.52423  
  1 99.0000    462.788138  x:  3.24354   7.38266  
  2 13.9598    462.672070  x:  3.32057   8.49098  
  3  0.1389    462.582891  x:  3.60974  11.22743  
  4  1.3465    462.492922  x:  4.09829  11.62086  
  5  0.0784    462.464175  x:  4.74188  13.55145  
  6  0.9996    462.463498  x:  4.73544  13.75328  
  7  0.1086    462.463498  x:  4.73897  13.76131  
  8  0.0071    462.463498  x:  4.73909  13.76237  
  9  0.0010    462.463498  x:  4.73909  13.76237  
 10  0.0000    462.463498  x:  4.73909  13.76237  

12 (Chtex.PHUM226110) ... 3 (Nepac.PHUM226110)
  0  0.0000    474.518013  x:  0.54247   5.00000  
  1 99.0000    467.881809  x:  2.74916   4.78631  
  2 17.5831    467.869192  x:  2.70934   4.43886  
  3  0.0437    467.856379  x:  2.58255   3.57482  
  4  0.7177    467.795003  x:  2.26427   2.79710  
  5  0.1050    467.795003  x:  2.26427   2.79710  
  6  1.9904    467.622451  x:  1.52625   2.85217  
  7  0.3408    467.518369  x:  1.22100   2.60982  
  8  0.5434    467.480365  x:  1.02864   2.46000  
  9 2861.7326    467.480365  x:  1.02864   2.46000  
 10  0.0277    467.233432  x:  1.32803   2.07515  
 11  1.2397    464.696991  x:  0.75138   0.40000  
 12  0.9756    464.541224  x:  0.88165   0.40000  
 13  0.4626    464.541224  x:  0.88130   0.40000  
 14  0.0002    464.541224  x:  0.88130   0.40000  

12 (Chtex.PHUM226110) ... 4 (PdhumCA.PHUM226110)
  0  0.0000    467.303995  x:  1.16930   1.03221  
  1 99.0000    465.453117  x:  3.17544   1.30344  
  2  3.9619    464.744580  x:  3.39541   3.59766  
  3  0.9643    464.705770  x:  3.91436   3.76034  
  4  0.0895    464.694555  x:  4.10857   4.32574  
  5  0.1342    464.694488  x:  4.12942   4.32521  
  6  0.0152    464.694488  x:  4.13051   4.32812  
  7  0.0025    464.694488  x:  4.13057   4.32814  
  8  0.0001    464.694488  x:  4.13057   4.32814  

12 (Chtex.PHUM226110) ... 5 (PdhumNE.PHUM226110)
  0  0.0000    469.356608  x:  1.24217   3.83027  
  1 99.0000    464.727192  x:  3.66675   3.39242  
  2  7.5822    464.705034  x:  3.77208   3.97336  
  3  0.0738    464.698337  x:  4.02299   4.42156  
  4  0.0749    464.694494  x:  4.12279   4.31433  
  5  0.0606    464.694488  x:  4.13032   4.32834  
  6  0.0140    464.694488  x:  4.13057   4.32814  
  7  0.0003    464.694488  x:  4.13058   4.32814  
  8  0.0000    464.694488  x:  4.13057   4.32814  

12 (Chtex.PHUM226110) ... 6 (PdschKE.PHUM226110)
  0  0.0000    465.842187  x:  1.36074   3.79233  
  1 99.0000    463.350956  x:  3.07561   3.61315  
  2  5.0423    463.029422  x:  3.42222   5.78726  
  3  0.2752    462.956970  x:  4.08455   8.13276  
  4  0.6138    462.930075  x:  4.30387   7.66483  
  5  0.1011    462.928399  x:  4.43229   8.03038  
  6  0.2422    462.928368  x:  4.44808   8.03690  
  7  0.0146    462.928368  x:  4.44760   8.03556  
  8  0.0013    462.928368  x:  4.44760   8.03555  

12 (Chtex.PHUM226110) ... 7 (PdschUG.PHUM226110)
  0  0.0000    468.375376  x:  1.26942   6.35393  
  1 99.0000    462.981765  x:  3.83381   6.08194  
  2  8.3654    462.958897  x:  3.88842   6.56594  
  3  0.0609    462.943303  x:  4.03673   7.50826  
  4  0.6497    462.929903  x:  4.30642   7.69566  
  5  0.0411    462.928380  x:  4.45813   8.04195  
  6  0.2660    462.928368  x:  4.44700   8.03277  
  7  0.0124    462.928368  x:  4.44759   8.03555  
  8  0.0025    462.928368  x:  4.44760   8.03555  

12 (Chtex.PHUM226110) ... 8 (Pnbad.PHUM226110)
  0  0.0000    461.674085  x:  0.74366   6.04744  
  1 99.0000    458.546284  x:  1.85614   5.95474  
  2  9.8931    458.538037  x:  1.83197   5.65683  
  3  0.0374    458.532111  x:  1.76436   5.17192  
  4  0.3587    458.505317  x:  1.42957   4.15605  
  5  0.1337    458.504169  x:  1.42746   4.24740  
  6  0.1521    458.504168  x:  1.42876   4.25157  
  7  0.0083    458.504168  x:  1.42875   4.25157  

12 (Chtex.PHUM226110) ... 9 (Ptgot.PHUM226110)
  0  0.0000    470.801588  x:  0.85143   3.71395  
  1 99.0000    467.183710  x:  2.21393   3.51860  
  2  9.6881    467.182305  x:  2.19455   3.38360  
  3  0.0170    467.181686  x:  2.15489   3.24007  
  4  0.0524    467.179961  x:  2.05829   3.10795  
  5  0.0356    467.179958  x:  2.06018   3.11701  
  6  0.0101    467.179958  x:  2.06015   3.11695  
  7  0.0001    467.179958  x:  2.06015   3.11695  
  8  0.0000    467.179958  x:  2.06015   3.11695  

12 (Chtex.PHUM226110) ... 10 (Ptpub.PHUM226110)
  0  0.0000    470.535049  x:  0.82625   2.98384  
  1 99.0000    467.914986  x:  1.92783   2.79232  
  2  8.2590    467.914846  x:  1.91648   2.76356  
  3  0.0039    467.914432  x:  1.83764   2.57104  
  4  0.1796    467.914391  x:  1.83484   2.58211  
  5  0.0034    467.914389  x:  1.82839   2.56776  
  6  0.0127    467.914389  x:  1.82846   2.56786  

12 (Chtex.PHUM226110) ... 11 (Mysp.PHUM226110)
  0  0.0000    487.941076  x:  1.73580   2.40838  
  1 99.0000    485.587259  x:  3.66195   1.82357  
  2  3.7414    485.506151  x:  3.96992   2.65497  
  3  0.2265    485.491124  x:  4.22933   2.58712  
  4  0.0617    485.489505  x:  4.32223   2.73585  
  5  0.0860    485.489489  x:  4.32380   2.72597  
  6  0.0089    485.489489  x:  4.32432   2.72635  
  7  0.0006    485.489489  x:  4.32432   2.72636  

13 (Geaur.PHUM226110) ... 1 (Hbarb.PHUM226110)
  0  0.0000    468.042648  x:  0.51763   2.80828  
  1 99.0000    466.157628  x:  0.91987   2.76821  
  2 13.6233    465.849331  x:  0.83425   1.54086  
  3  0.4048    465.788952  x:  0.75279   1.28846  
  4  0.2024    465.761906  x:  0.73096   1.44984  
  5  0.3114    465.761876  x:  0.73258   1.45535  
  6  0.0080    465.761876  x:  0.73251   1.45591  
  7  0.0006    465.761876  x:  0.73251   1.45592  

13 (Geaur.PHUM226110) ... 2 (Ltspi.PHUM226110)
  0  0.0000    455.394622  x:  0.57003   1.93966  
  1 99.0000    454.513597  x:  0.83859   1.96335  
  2  8.4913    453.353016  x:  1.01803   5.01243  
  3  1.2699    452.994329  x:  1.53341   5.84827  
  4  0.1392    452.779152  x:  1.93002   9.14382  
  5  0.4149    452.699806  x:  2.73189  13.44747  
  6  1.0616    452.697209  x:  2.73555  13.08671  
  7  0.0767    452.697205  x:  2.74169  13.11753  
  8  0.0219    452.697205  x:  2.74167  13.11708  
  9  0.0005    452.697205  x:  2.74167  13.11707  

13 (Geaur.PHUM226110) ... 3 (Nepac.PHUM226110)
  0  0.0000    473.724716  x:  0.85284   9.50714  
  1 99.0000    468.425064  x:  2.67736   9.38917  
  2 11.0514    468.414764  x:  2.65822   9.08215  
  3  0.0385    468.398524  x:  2.56245   8.07014  
  4  1.0380    468.356472  x:  2.19592   6.79786  
  5  0.1655    468.341938  x:  1.92222   6.03331  
  6  1.5690    468.341934  x:  1.92021   6.01964  
  7  0.0251    468.341934  x:  1.92026   6.01975  
  8  0.0002    468.341934  x:  1.92026   6.01974  
  9  0.0000    468.341934  x:  1.92026   6.01974  

13 (Geaur.PHUM226110) ... 4 (PdhumCA.PHUM226110)
  0  0.0000    462.918672  x:  0.86905   4.98702  
  1 99.0000    459.015237  x:  2.18452   4.86826  
  2 10.5978    458.972170  x:  2.25766   5.61580  
  3  0.0939    458.950363  x:  2.47624   6.77401  
  4  0.3556    458.912146  x:  2.90125   7.41757  
  5  0.1149    458.911815  x:  2.93677   7.59352  
  6  0.1176    458.911814  x:  2.93752   7.59002  
  7  0.0029    458.911814  x:  2.93800   7.59154  

13 (Geaur.PHUM226110) ... 5 (PdhumNE.PHUM226110)
  0  0.0000    466.507942  x:  0.69457   6.02442  
  1 99.0000    458.944813  x:  2.47727   5.91073  
  2 18.4755    458.934658  x:  2.49979   6.26011  
  3  0.0438    458.930876  x:  2.55188   6.68592  
  4  0.2167    458.917810  x:  2.70447   6.87895  
  5  0.0308    458.911881  x:  2.94085   7.55901  
  6  0.4955    458.911814  x:  2.93704   7.58860  
  7  0.0212    458.911814  x:  2.93800   7.59153  
  8  0.0027    458.911814  x:  2.93800   7.59154  

13 (Geaur.PHUM226110) ... 6 (PdschKE.PHUM226110)
  0  0.0000    454.324214  x:  0.66064   5.93989  
  1 99.0000    450.230675  x:  1.64596   5.88839  
  2 14.3280    450.185793  x:  1.68515   6.65055  
  3  0.0954    450.154725  x:  1.88114   8.28840  
  4  0.4037    450.093001  x:  2.31317   9.19393  
  5  0.1254    450.087428  x:  2.41074  10.00558  
  6  0.4850    450.087255  x:  2.44505  10.11852  
  7  0.0676    450.087254  x:  2.44508  10.12250  
  8  0.0035    450.087254  x:  2.44520  10.12300  

13 (Geaur.PHUM226110) ... 7 (PdschUG.PHUM226110)
  0  0.0000    456.627666  x:  0.59623   7.48625  
  1 99.0000    450.132513  x:  1.93513   7.43003  
  2 19.4206    450.123346  x:  1.94828   7.74762  
  3  0.0397    450.117203  x:  1.99527   8.33620  
  4  0.3328    450.097483  x:  2.16222   8.91245  
  5  0.0750    450.087278  x:  2.45067  10.12044  
  6  0.8401    450.087255  x:  2.44364  10.11414  
  7  0.0066    450.087254  x:  2.44519  10.12300  
  8  0.0068    450.087254  x:  2.44520  10.12300  

13 (Geaur.PHUM226110) ... 8 (Pnbad.PHUM226110)
  0  0.0000    454.990430  x:  0.58336   7.67248  
  1 99.0000    451.563667  x:  1.41728   7.65494  
  2 13.8239    451.211809  x:  1.49377   9.62728  
  3  0.2467    450.553869  x:  2.75094  27.98698  
  4  2.3003    450.381679  x:  3.09858  28.18350  
  5  0.0499    450.308646  x:  3.47292  27.30671  
  6  0.7206    450.308286  x:  3.49970  27.80803  
  7  0.1862    450.308168  x:  3.53241  27.99020  
  8  0.1051    450.308168  x:  3.53214  27.99149  
  9  0.0013    450.308168  x:  3.53215  27.99158  

13 (Geaur.PHUM226110) ... 9 (Ptgot.PHUM226110)
  0  0.0000    459.103341  x:  0.71548   5.00000  
  1 99.0000    457.621799  x:  1.21651   4.97713  
  2  8.3119    457.505382  x:  1.29975   6.26345  
  3  0.1611    457.372925  x:  1.90761  10.50828  
  4  0.5360    457.301276  x:  2.76774  14.56101  
  5  0.5902    457.298249  x:  2.66200  13.59710  
  6  0.2310    457.298196  x:  2.68449  13.68252  
  7  0.0552    457.298196  x:  2.68555  13.69157  
  8  0.0102    457.298196  x:  2.68552  13.69146  

13 (Geaur.PHUM226110) ... 10 (Ptpub.PHUM226110)
  0  0.0000    462.485768  x:  0.72234   9.93359  
  1 99.0000    458.076972  x:  2.06696   9.87609  
  2 12.5202    458.074176  x:  2.07345  10.03851  
  3  0.0203    458.069205  x:  2.11843  10.68714  
  4  0.4530    458.055048  x:  2.30756  11.75942  
  5  0.1361    458.041277  x:  2.75702  14.02530  
  6  1.7582    458.041030  x:  2.73172  13.77860  
  7  0.1441    458.041025  x:  2.73815  13.80174  
  8  0.0201    458.041025  x:  2.73839  13.80369  

13 (Geaur.PHUM226110) ... 11 (Mysp.PHUM226110)
  0  0.0000    489.001913  x:  1.72767   5.00000  
  1 99.0000    484.653600  x:  4.42401   4.35513  
  2  5.6768    484.636025  x:  4.32386   3.91994  
  3  0.0558    484.629924  x:  4.18191   3.52792  
  4  0.3532    484.616416  x:  3.77456   3.24860  
  5  0.0772    484.616334  x:  3.78896   3.28926  
  6  0.0555    484.616334  x:  3.78899   3.28912  
  7  0.0001    484.616334  x:  3.78898   3.28910  

13 (Geaur.PHUM226110) ... 12 (Chtex.PHUM226110)
  0  0.0000    461.576994  x:  0.81913   2.87531  
  1 99.0000    461.302244  x:  1.03228   2.91330  
  2  2.9950    459.768848  x:  1.79991  10.11693  
  3  0.9056    459.221695  x:  2.98605  14.43665  
  4  0.5600    459.158714  x:  3.85121  17.91327  
  5  1.1184    459.149255  x:  3.90637  18.75536  
  6  0.1055    459.146284  x:  3.96901  19.59692  
  7  0.7581    459.146248  x:  3.99212  19.74505  
  8  0.1105    459.146247  x:  3.99348  19.74276  
  9  0.0022    459.146247  x:  3.99354  19.74312  

14 (Hldiv.PHUM226110) ... 1 (Hbarb.PHUM226110)
  0  0.0000    469.921388  x:  0.50337   5.00000  
  1 99.0000    468.281417  x:  1.15986   4.89309  
  2 10.2161    462.407905  x:  0.79442   0.40000  
  3  0.8254    462.407905  x:  0.79442   0.40000  
  4  0.3752    461.717740  x:  0.57674   0.40000  
  5  5.1053    461.717740  x:  0.57668   0.40000  
  6  0.0001    461.649293  x:  0.53713   0.50730  
  7  1.4376    461.645987  x:  0.54729   0.51209  
  8  0.0119    461.645780  x:  0.54539   0.51902  
  9  0.0054    461.645780  x:  0.54544   0.51899  
 10  0.0001    461.645780  x:  0.54544   0.51899  

14 (Hldiv.PHUM226110) ... 2 (Ltspi.PHUM226110)
  0  0.0000    458.225480  x:  0.59208   1.13130  
  1 99.0000    457.980141  x:  0.72709   1.09345  
  2  4.0714    457.755833  x:  0.69853   0.67754  
  3  0.8642    457.749481  x:  0.72790   0.64300  
  4  0.0222    457.749404  x:  0.72490   0.64526  
  5  0.0035    457.749402  x:  0.72485   0.64613  
  6  0.0020    457.749402  x:  0.72483   0.64614  

14 (Hldiv.PHUM226110) ... 3 (Nepac.PHUM226110)
  0  0.0000    473.619266  x:  0.60586   1.20342  
  1 99.0000    472.303910  x:  1.08785   1.16450  
  2  9.2698    472.262277  x:  1.06193   0.75937  
  3  0.1568    472.262262  x:  1.06152   0.75400  
  4  0.0146    472.262261  x:  1.06216   0.75245  
  5  0.0003    472.262261  x:  1.06239   0.75279  
  6  0.0003    472.262261  x:  1.06239   0.75278  
  7  0.0000    472.262261  x:  1.06239   0.75278  

14 (Hldiv.PHUM226110) ... 4 (PdhumCA.PHUM226110)
  0  0.0000    461.909880  x:  0.87697   1.39260  
  1 99.0000    460.321878  x:  2.01999   1.08410  
  2  5.5514    460.318417  x:  1.96011   0.85844  
  3  0.0292    460.306737  x:  1.78383   0.60182  
  4  0.0681    460.303701  x:  1.73399   0.56146  
  5  0.6876    460.286337  x:  1.58196   0.59968  
  6  0.2283    460.285663  x:  1.59872   0.62895  
  7  0.0459    460.285646  x:  1.59388   0.62961  
  8  0.0056    460.285646  x:  1.59374   0.62936  
  9  0.0003    460.285646  x:  1.59374   0.62936  

14 (Hldiv.PHUM226110) ... 5 (PdhumNE.PHUM226110)
  0  0.0000    462.078439  x:  0.79533   1.16664  
  1 99.0000    460.313708  x:  1.87274   0.94788  
  2  6.9126    460.304824  x:  1.82256   0.71907  
  3  0.0632    460.299039  x:  1.73742   0.59995  
  4  0.0590    460.289180  x:  1.59493   0.56626  
  5  0.1694    460.285651  x:  1.59178   0.63070  
  6  0.1492    460.285646  x:  1.59405   0.62979  
  7  0.0028    460.285646  x:  1.59374   0.62936  
  8  0.0004    460.285646  x:  1.59374   0.62936  

14 (Hldiv.PHUM226110) ... 6 (PdschKE.PHUM226110)
  0  0.0000    458.425479  x:  0.62365   1.22865  
  1 99.0000    456.261304  x:  1.32791   1.20214  
  2 11.3339    456.186159  x:  1.36393   1.80525  
  3  0.2753    456.150281  x:  1.53992   1.99202  
  4  0.0321    456.100781  x:  2.76543   4.36893  
  5  0.3343    456.096965  x:  2.49877   3.90980  
  6  0.3318    456.096496  x:  2.48056   3.95382  
  7  0.0153    456.096433  x:  2.51656   4.02969  
  8  0.0724    456.096433  x:  2.51634   4.03043  
  9  0.0008    456.096433  x:  2.51635   4.03045  

14 (Hldiv.PHUM226110) ... 7 (PdschUG.PHUM226110)
  0  0.0000    459.257851  x:  0.80293   3.42237  
  1 99.0000    456.103264  x:  2.15554   3.22584  
  2  9.3545    456.101942  x:  2.17434   3.35561  
  3  0.0164    456.101281  x:  2.21923   3.52889  
  4  0.0595    456.097224  x:  2.39618   3.82974  
  5  0.0436    456.096437  x:  2.51924   4.04362  
  6  0.2373    456.096433  x:  2.51607   4.03001  
  7  0.0117    456.096433  x:  2.51635   4.03045  

14 (Hldiv.PHUM226110) ... 8 (Pnbad.PHUM226110)
  0  0.0000    455.630157  x:  0.63121   3.65566  
  1 99.0000    454.329186  x:  1.04854   3.61416  
  2  8.7740    454.171724  x:  0.97123   2.53821  
  3  0.2461    454.133079  x:  0.87165   2.26072  
  4  0.1532    454.127835  x:  0.86730   2.37596  
  5  0.2124    454.127833  x:  0.86795   2.37752  
  6  0.0023    454.127833  x:  0.86795   2.37750  

14 (Hldiv.PHUM226110) ... 9 (Ptgot.PHUM226110)
  0  0.0000    468.499586  x:  0.74576   2.56673  
  1 99.0000    465.601083  x:  2.39093   2.30550  
  2  9.1862    465.416510  x:  2.68568   3.92889  
  3  0.2062    465.386141  x:  3.01784   5.14847  
  4  0.4255    465.351397  x:  3.43535   5.31973  
  5  0.0564    465.351315  x:  3.46116   5.33850  
  6  0.0246    465.351315  x:  3.46116   5.33995  
  7  0.0011    465.351315  x:  3.46128   5.34016  

14 (Hldiv.PHUM226110) ... 10 (Ptpub.PHUM226110)
  0  0.0000    472.684706  x:  0.73373   4.31838  
  1 99.0000    466.482069  x:  3.08827   4.04477  
  2 13.6860    466.464364  x:  3.13788   4.48744  
  3  0.0557    466.458352  x:  3.20326   4.92806  
  4  0.3680    466.452071  x:  3.37971   5.33676  
  5  0.0556    466.448479  x:  3.54813   5.46394  
  6  0.1319    466.448299  x:  3.52488   5.36410  
  7  0.0795    466.448299  x:  3.52428   5.36179  
  8  0.0024    466.448299  x:  3.52428   5.36179  

14 (Hldiv.PHUM226110) ... 11 (Mysp.PHUM226110)
  0  0.0000    500.994942  x:  2.00910   4.27899  
  1 99.0000    493.477387  x:  6.06714   2.73436  
  2  6.4210    493.207093  x:  5.52943   1.11181  
  3  0.2868    492.851369  x:  4.55806   0.40000  
  4  0.4915    492.851369  x:  4.55806   0.40000  
  5  4.4786    492.403060  x:  3.10212   0.62875  
  6  0.4740    492.321938  x:  2.79402   0.40000  
  7  0.6500    492.320311  x:  2.85122   0.40848  
  8  0.1446    492.320307  x:  2.85351   0.40758  
  9  0.0061    492.320306  x:  2.85470   0.40795  
 10  0.0013    492.320306  x:  2.85470   0.40795  

14 (Hldiv.PHUM226110) ... 12 (Chtex.PHUM226110)
  0  0.0000    461.150579  x:  0.35415   1.14310  
  1 99.0000    460.402035  x:  0.48443   1.16110  
  2 13.5966    459.667235  x:  0.48664   2.22061  
  3  1.9253    459.633203  x:  0.52480   2.25931  
  4  0.0255    459.630825  x:  0.52763   2.35022  
  5  0.0321    459.630815  x:  0.52828   2.35020  
  6  0.0005    459.630815  x:  0.52829   2.35039  

14 (Hldiv.PHUM226110) ... 13 (Geaur.PHUM226110)
  0  0.0000    461.980870  x:  0.51896   2.50159  
  1 99.0000    460.722319  x:  0.81051   2.46369  
  2 11.5271    460.142612  x:  0.73396   1.30245  
  3  0.7465    460.109340  x:  0.68433   1.22601  
  4  0.0728    460.102505  x:  0.67930   1.30154  
  5  0.1911    460.102502  x:  0.67971   1.30208  
  6  0.0008    460.102502  x:  0.67970   1.30213  

15 (Ibbis.PHUM226110) ... 1 (Hbarb.PHUM226110)
  0  0.0000    464.652034  x:  0.48541   1.68154  
  1 99.0000    464.557398  x:  0.54125   1.62383  
  2  2.5060    463.945160  x:  0.46949   0.40000  
  3  3.1286    463.400817  x:  0.48618   0.70475  
  4  0.9149    463.400785  x:  0.48709   0.70335  
  5  0.0017    463.400781  x:  0.48699   0.70232  
  6  0.0005    463.400781  x:  0.48699   0.70232  

15 (Ibbis.PHUM226110) ... 2 (Ltspi.PHUM226110)
  0  0.0000    475.357686  x:  0.65393   1.36925  
  1 99.0000    471.710041  x:  5.48749   1.03139  
  2  8.0393    471.696582  x:  5.50659   1.25447  
  3  0.1319    471.691874  x:  5.68402   1.27851  
  4  0.0224    471.689832  x:  5.91006   1.34301  
  5  0.1969    471.689798  x:  5.90748   1.35508  
  6  0.0083    471.689798  x:  5.90862   1.35529  

15 (Ibbis.PHUM226110) ... 3 (Nepac.PHUM226110)
  0  0.0000    467.410045  x:  0.56544   1.89100  
  1 99.0000    467.148883  x:  0.69399   1.83093  
  2  4.2374    465.879725  x:  0.56965   0.40000  
  3  1.6510    465.605185  x:  0.59170   0.60235  
  4  0.9872    465.588933  x:  0.62349   0.57132  
  5  0.0381    465.588355  x:  0.62307   0.55952  
  6  0.0062    465.588354  x:  0.62315   0.55900  
  7  0.0005    465.588354  x:  0.62317   0.55899  

15 (Ibbis.PHUM226110) ... 4 (PdhumCA.PHUM226110)
  0  0.0000    477.169401  x:  1.08282   1.20374  
  1 99.0000    471.353125  x:  5.29962   0.40000  
  2  6.5557    471.056465  x:  5.50336   0.87327  
  3  1.8801    470.947580  x:  6.52596   0.86685  
  4  0.1278    470.934669  x:  7.09605   0.89321  
  5  0.3690    470.932174  x:  7.13869   0.96850  
  6  0.0205    470.932157  x:  7.16048   0.96908  
  7  0.0184    470.932157  x:  7.16065   0.96933  
  8  0.0003    470.932157  x:  7.16066   0.96933  
  9  0.0000    470.932157  x:  7.16066   0.96933  
check convergence!


15 (Ibbis.PHUM226110) ... 5 (PdhumNE.PHUM226110)
  0  0.0000    476.959954  x:  1.14184   1.32439  
  1 99.0000    471.350424  x:  5.31410   0.40000  
  2  5.9999    471.051578  x:  5.53354   0.87819  
  3  1.8485    470.942947  x:  6.63751   0.87030  
  4  0.1380    470.934364  x:  7.11094   0.89839  
  5  0.2934    470.932167  x:  7.14360   0.96869  
  6  0.0192    470.932157  x:  7.16051   0.96914  
  7  0.0147    470.932157  x:  7.16066   0.96933  
  8  0.0002    470.932157  x:  7.16069   0.96933  
  9  0.0000    470.932157  x:  7.16069   0.96933  
check convergence!


15 (Ibbis.PHUM226110) ... 6 (PdschKE.PHUM226110)
  0  0.0000    473.947882  x:  0.85261   1.60141  
  1 99.0000    469.016799  x:  4.79474   1.11349  
  2  8.5602    468.980658  x:  4.85482   1.52190  
  3  0.2003    468.968683  x:  5.10654   1.55773  
  4  0.0318    468.962893  x:  5.47632   1.67042  
  5  0.2956    468.962719  x:  5.46953   1.70197  
  6  0.0182    468.962718  x:  5.47581   1.70389  
  7  0.0056    468.962718  x:  5.47582   1.70401  

15 (Ibbis.PHUM226110) ... 7 (PdschUG.PHUM226110)
  0  0.0000    473.549994  x:  0.96063   1.99071  
  1 99.0000    468.980651  x:  5.03806   1.33638  
  2  6.9002    468.969562  x:  5.08143   1.58682  
  3  0.0937    468.964343  x:  5.27803   1.63164  
  4  0.0252    468.962727  x:  5.46954   1.69474  
  5  0.1794    468.962718  x:  5.47705   1.70417  
  6  0.0089    468.962718  x:  5.47582   1.70401  
  7  0.0011    468.962718  x:  5.47583   1.70402  

15 (Ibbis.PHUM226110) ... 8 (Pnbad.PHUM226110)
  0  0.0000    458.642029  x:  0.62505   1.88599  
  1 99.0000    458.288186  x:  0.80644   1.88311  
  2  4.6931    458.225984  x:  0.84467   2.45883  
  3  0.2407    458.219207  x:  0.88634   2.51531  
  4  0.0274    458.218925  x:  0.88992   2.56249  
  5  0.0299    458.218922  x:  0.89084   2.56351  
  6  0.0012    458.218922  x:  0.89087   2.56378  
  7  0.0003    458.218922  x:  0.89087   2.56378  

15 (Ibbis.PHUM226110) ... 9 (Ptgot.PHUM226110)
  0  0.0000    469.144065  x:  0.64335   2.65719  
  1 99.0000    466.744235  x:  1.55537   2.50163  
  2 10.3763    465.705405  x:  1.28167   0.64810  
  3  0.2342    465.705405  x:  1.28167   0.64810  
  4  2.1513    464.994068  x:  1.06742   0.40000  
  5  2.0789    464.983195  x:  1.01499   0.40000  
  6  0.0885    464.983195  x:  1.01491   0.40000  

15 (Ibbis.PHUM226110) ... 10 (Ptpub.PHUM226110)
  0  0.0000    467.950396  x:  0.63373   0.97391  
  1 99.0000    466.983849  x:  0.99269   0.92151  
  2  7.6167    466.413421  x:  0.98247   0.40000  
  3  0.9678    466.378242  x:  1.05271   0.40000  
  4  0.0088    466.376015  x:  1.07722   0.40000  
  5  0.0196    466.376015  x:  1.07715   0.40000  

15 (Ibbis.PHUM226110) ... 11 (Mysp.PHUM226110)
  0  0.0000    489.811954  x:  1.70935   0.94951  
  1 99.0000    487.208537  x:  3.83949   0.61320  
  2  4.2100    486.699322  x:  4.41761   1.63137  
  3  1.6924    486.646335  x:  5.03415   1.60530  
  4  0.1048    486.645118  x:  5.08968   1.68842  
  5  0.0214    486.645103  x:  5.10119   1.68849  
  6  0.0090    486.645103  x:  5.10131   1.68871  
  7  0.0002    486.645103  x:  5.10131   1.68871  

15 (Ibbis.PHUM226110) ... 12 (Chtex.PHUM226110)
  0  0.0000    451.405406  x:  0.35179   1.95769  
  1 99.0000    450.975174  x:  0.44811   1.95761  
  2 10.1950    450.946171  x:  0.45448   2.26022  
  3  0.2061    450.945672  x:  0.45843   2.26409  
  4  0.0035    450.945671  x:  0.45853   2.26574  
  5  0.0014    450.945671  x:  0.45852   2.26577  

15 (Ibbis.PHUM226110) ... 13 (Geaur.PHUM226110)
  0  0.0000    459.948163  x:  0.63223   2.46945  
  1 99.0000    459.446654  x:  0.83008   2.46335  
  2  6.0699    459.394407  x:  0.86552   3.02477  
  3  0.2056    459.388106  x:  0.90237   3.08726  
  4  0.0292    459.387977  x:  0.90428   3.11923  
  5  0.0219    459.387976  x:  0.90478   3.12013  
  6  0.0009    459.387976  x:  0.90479   3.12022  

15 (Ibbis.PHUM226110) ... 14 (Hldiv.PHUM226110)
  0  0.0000    440.972978  x:  0.20407   3.06853  
  1 99.0000    440.770020  x:  0.24491   3.06413  
  2 10.7776    438.499420  x:  0.23132   0.78334  
  3  1.1012    438.499170  x:  0.22996   0.78203  
  4  0.0019    438.499152  x:  0.22988   0.78514  
  5  0.0227    438.499152  x:  0.22988   0.78513  

16 (Hldiv.PHUM226110) ... 1 (Hbarb.PHUM226110)
  0  0.0000    462.631657  x:  0.48220   1.21620  
  1 99.0000    462.498261  x:  0.54893   1.17226  
  2  3.6011    461.812243  x:  0.51578   0.40000  
  3  2.5124    461.654831  x:  0.52587   0.54391  
  4  0.4345    461.645913  x:  0.54551   0.52411  
  5  0.0202    461.645780  x:  0.54543   0.51906  
  6  0.0032    461.645780  x:  0.54544   0.51899  
  7  0.0001    461.645780  x:  0.54544   0.51899  

16 (Hldiv.PHUM226110) ... 2 (Ltspi.PHUM226110)
  0  0.0000    458.185709  x:  0.60729   1.14501  
  1 99.0000    457.989874  x:  0.73021   1.10440  
  2  3.4690    457.756118  x:  0.69791   0.67739  
  3  0.8890    457.749451  x:  0.72499   0.65086  
  4  0.0220    457.749402  x:  0.72482   0.64622  
  5  0.0114    457.749402  x:  0.72483   0.64614  
  6  0.0001    457.749402  x:  0.72483   0.64614  

16 (Hldiv.PHUM226110) ... 3 (Nepac.PHUM226110)
  0  0.0000    473.006998  x:  0.69184   1.21221  
  1 99.0000    472.304070  x:  1.09035   1.16527  
  2  5.4810    472.262385  x:  1.05476   0.76920  
  3  0.1557    472.262352  x:  1.05467   0.76079  
  4  0.0167    472.262261  x:  1.06245   0.75242  
  5  0.0030    472.262261  x:  1.06240   0.75278  
  6  0.0004    472.262261  x:  1.06239   0.75278  

16 (Hldiv.PHUM226110) ... 4 (PdhumCA.PHUM226110)
  0  0.0000    461.456148  x:  0.92355   1.21561  
  1 99.0000    460.313503  x:  1.86537   0.94703  
  2  4.3224    460.301945  x:  1.79512   0.68807  
  3  0.0670    460.297537  x:  1.72399   0.59507  
  4  0.0914    460.287252  x:  1.58887   0.58500  
  5  0.1450    460.285654  x:  1.59750   0.63017  
  6  0.0980    460.285646  x:  1.59381   0.62971  
  7  0.0044    460.285646  x:  1.59374   0.62936  
  8  0.0003    460.285646  x:  1.59374   0.62936  

16 (Hldiv.PHUM226110) ... 5 (PdhumNE.PHUM226110)
  0  0.0000    461.501866  x:  0.95357   1.35292  
  1 99.0000    460.319657  x:  1.96602   1.03463  
  2  4.1632    460.311846  x:  1.86875   0.71878  
  3  0.0413    460.301328  x:  1.72998   0.57231  
  4  0.0831    460.288260  x:  1.58234   0.57342  
  5  0.4301    460.285660  x:  1.59843   0.63143  
  6  0.1714    460.285647  x:  1.59377   0.63016  
  7  0.0051    460.285646  x:  1.59373   0.62935  
  8  0.0007    460.285646  x:  1.59374   0.62936  

16 (Hldiv.PHUM226110) ... 6 (PdschKE.PHUM226110)
  0  0.0000    458.143182  x:  0.64945   1.20752  
  1 99.0000    456.266249  x:  1.32075   1.18458  
  2  9.9655    456.187630  x:  1.35921   1.79988  
  3  0.2843    456.148758  x:  1.55535   2.00163  
  4  0.0352    456.098568  x:  2.69598   4.28706  
  5  0.3193    456.096681  x:  2.50261   3.94472  
  6  0.2406    456.096439  x:  2.50516   4.00865  
  7  0.0181    456.096433  x:  2.51633   4.03016  
  8  0.0241    456.096433  x:  2.51635   4.03045  

16 (Hldiv.PHUM226110) ... 7 (PdschUG.PHUM226110)
  0  0.0000    460.569255  x:  0.68102   3.38084  
  1 99.0000    456.103541  x:  2.14865   3.20990  
  2 13.6931    456.102284  x:  2.16427   3.34391  
  3  0.0169    456.101466  x:  2.22825   3.57201  
  4  0.0296    456.096685  x:  2.45876   3.87990  
  5  0.0481    456.096434  x:  2.51889   4.03272  
  6  0.1508    456.096433  x:  2.51627   4.03023  
  7  0.0032    456.096433  x:  2.51635   4.03045  
  8  0.0002    456.096433  x:  2.51635   4.03045  

16 (Hldiv.PHUM226110) ... 8 (Pnbad.PHUM226110)
  0  0.0000    456.813635  x:  0.52824   3.64170  
  1 99.0000    454.327128  x:  1.04686   3.60593  
  2 15.1126    454.187312  x:  0.99369   2.61934  
  3  0.2455    454.134741  x:  0.87541   2.25323  
  4  0.1244    454.127842  x:  0.86657   2.37306  
  5  0.2162    454.127833  x:  0.86796   2.37736  
  6  0.0067    454.127833  x:  0.86795   2.37750  

16 (Hldiv.PHUM226110) ... 9 (Ptgot.PHUM226110)
  0  0.0000    468.901530  x:  0.69437   2.49589  
  1 99.0000    465.612382  x:  2.37541   2.25341  
  2 10.8762    465.422428  x:  2.65229   3.94172  
  3  0.2139    465.393976  x:  2.98596   5.17117  
  4  0.3397    465.352252  x:  3.37985   5.10320  
  5  0.0500    465.351321  x:  3.46199   5.35403  
  6  0.1873    465.351315  x:  3.46045   5.33899  
  7  0.0131    465.351315  x:  3.46128   5.34016  
  8  0.0012    465.351315  x:  3.46128   5.34016  

16 (Hldiv.PHUM226110) ... 10 (Ptpub.PHUM226110)
  0  0.0000    472.684804  x:  0.74186   4.38825  
  1 99.0000    466.478379  x:  3.11005   4.11193  
  2 13.4917    466.462851  x:  3.15663   4.52459  
  3  0.0519    466.457294  x:  3.22997   5.01768  
  4  0.3600    466.452154  x:  3.32765   4.92312  
  5  0.0170    466.448359  x:  3.52990   5.33168  
  6  0.2320    466.448299  x:  3.52374   5.36054  
  7  0.0243    466.448299  x:  3.52427   5.36179  
  8  0.0012    466.448299  x:  3.52428   5.36179  

16 (Hldiv.PHUM226110) ... 11 (Mysp.PHUM226110)
  0  0.0000    500.330168  x:  2.16612   4.37599  
  1 99.0000    493.489156  x:  6.12892   2.75451  
  2  5.6440    493.214669  x:  5.54035   1.08918  
  3  0.2811    492.875881  x:  4.61014   0.40000  
  4  0.5844    492.875881  x:  4.61014   0.40000  
  5  4.0814    492.408522  x:  3.11523   0.63855  
  6  0.4790    492.321965  x:  2.79345   0.40000  
  7  0.6537    492.320310  x:  2.85244   0.40885  
  8  0.1491    492.320306  x:  2.85418   0.40785  
  9  0.0059    492.320306  x:  2.85470   0.40795  
 10  0.0005    492.320306  x:  2.85470   0.40795  

16 (Hldiv.PHUM226110) ... 12 (Chtex.PHUM226110)
  0  0.0000    460.267183  x:  0.44879   1.26235  
  1 99.0000    460.190658  x:  0.49825   1.29312  
  2  2.8106    459.658474  x:  0.49172   2.21244  
  3  2.0179    459.632681  x:  0.52601   2.27081  
  4  0.0459    459.630819  x:  0.52782   2.34970  
  5  0.0335    459.630815  x:  0.52829   2.35030  
  6  0.0006    459.630815  x:  0.52829   2.35039  

16 (Hldiv.PHUM226110) ... 13 (Geaur.PHUM226110)
  0  0.0000    461.402321  x:  0.54274   2.26487  
  1 99.0000    460.548860  x:  0.77771   2.22991  
  2  9.1250    460.117757  x:  0.71220   1.29839  
  3  0.7180    460.103852  x:  0.68019   1.26587  
  4  0.0359    460.102502  x:  0.67969   1.30216  
  5  0.0822    460.102502  x:  0.67970   1.30213  
  6  0.0000    460.102502  x:  0.67970   1.30213  

16 (Hldiv.PHUM226110) ... 14 (Hldiv.PHUM226110)
  0  0.0000    411.721827  x:  0.44942   1.57696  
  1 99.0000    374.866437  x:  0.00001   1.58472  

16 (Hldiv.PHUM226110) ... 15 (Ibbis.PHUM226110)
  0  0.0000    439.808572  x:  0.19584   2.02728  
  1 99.0000    439.587306  x:  0.23581   2.02313  
  2 11.9757    438.500101  x:  0.22757   0.79894  
  3  1.1679    438.499551  x:  0.22821   0.78239  
  4  0.0435    438.499153  x:  0.22987   0.78541  
  5  0.0047    438.499152  x:  0.22988   0.78513  
  6  0.0003    438.499152  x:  0.22988   0.78513  

17 (Ibbis.PHUM226110) ... 1 (Hbarb.PHUM226110)
  0  0.0000    464.904791  x:  0.36524   1.37603  
  1 99.0000    464.090374  x:  0.50014   1.35716  
  2 14.1921    463.401805  x:  0.48230   0.71400  
  3  1.5964    463.401163  x:  0.48389   0.69986  
  4  0.0214    463.400782  x:  0.48698   0.70249  
  5  0.0046    463.400781  x:  0.48699   0.70232  

17 (Ibbis.PHUM226110) ... 2 (Ltspi.PHUM226110)
  0  0.0000    475.542883  x:  0.63657   1.43302  
  1 99.0000    471.704602  x:  5.54117   1.07314  
  2  8.9022    471.694908  x:  5.55744   1.26520  
  3  0.1081    471.691585  x:  5.69756   1.29307  
  4  0.0179    471.689805  x:  5.90945   1.34970  
  5  0.1929    471.689798  x:  5.90798   1.35512  
  6  0.0040    471.689798  x:  5.90863   1.35530  
  7  0.0006    471.689798  x:  5.90863   1.35530  

17 (Ibbis.PHUM226110) ... 3 (Nepac.PHUM226110)
  0  0.0000    468.022061  x:  0.44414   1.73650  
  1 99.0000    466.943965  x:  0.66059   1.69944  
  2 12.5941    465.594945  x:  0.60272   0.58156  
  3  1.5019    465.588665  x:  0.62266   0.56863  
  4  0.0125    465.588354  x:  0.62311   0.55919  
  5  0.0551    465.588354  x:  0.62316   0.55899  
  6  0.0002    465.588354  x:  0.62317   0.55899  

17 (Ibbis.PHUM226110) ... 4 (PdhumCA.PHUM226110)
  0  0.0000    476.556798  x:  1.19909   1.25413  
  1 99.0000    471.421394  x:  4.98604   0.40000  
  2  5.3448    471.108381  x:  5.24840   0.88662  
  3  1.9233    470.940300  x:  6.73527   0.86544  
  4  0.1859    470.934241  x:  7.14386   0.90277  
  5  0.2002    470.932171  x:  7.14001   0.96759  
  6  0.0185    470.932157  x:  7.16060   0.96907  
  7  0.0180    470.932157  x:  7.16066   0.96933  
  8  0.0002    470.932157  x:  7.16066   0.96933  

17 (Ibbis.PHUM226110) ... 5 (PdhumNE.PHUM226110)
  0  0.0000    477.864479  x:  1.05840   1.57281  
  1 99.0000    471.242275  x:  6.39225   0.40000  
  2  7.4378    470.945922  x:  6.54898   0.91621  
  3  1.7071    470.935497  x:  6.85521   0.91911  
  4  0.0383    470.932672  x:  7.15110   0.93559  
  5  0.2291    470.932226  x:  7.11675   0.96057  
  6  0.0135    470.932157  x:  7.16164   0.96915  
  7  0.0337    470.932157  x:  7.16065   0.96932  
  8  0.0010    470.932157  x:  7.16067   0.96933  

17 (Ibbis.PHUM226110) ... 6 (PdschKE.PHUM226110)
  0  0.0000    473.439652  x:  0.88695   1.34350  
  1 99.0000    469.063848  x:  4.62020   0.94979  
  2  7.3885    468.991912  x:  4.69733   1.46462  
  3  0.3254    468.970003  x:  5.07002   1.58604  
  4  0.0490    468.962718  x:  5.47624   1.70303  
  5  0.3229    468.962718  x:  5.47527   1.70367  
  6  0.0006    468.962718  x:  5.47582   1.70401  

17 (Ibbis.PHUM226110) ... 7 (PdschUG.PHUM226110)
  0  0.0000    474.852100  x:  0.81475   2.04966  
  1 99.0000    468.969438  x:  5.20699   1.46720  
  2 10.4510    468.965299  x:  5.22914   1.62949  
  3  0.0537    468.963928  x:  5.30686   1.62984  
  4  0.0097    468.962758  x:  5.47631   1.68793  
  5  0.1449    468.962718  x:  5.47485   1.70381  
  6  0.0115    468.962718  x:  5.47582   1.70400  
  7  0.0009    468.962718  x:  5.47583   1.70402  

17 (Ibbis.PHUM226110) ... 8 (Pnbad.PHUM226110)
  0  0.0000    459.006407  x:  0.56522   1.88948  
  1 99.0000    458.288141  x:  0.80619   1.88330  
  2  7.6413    458.228306  x:  0.83724   2.43035  
  3  0.2401    458.219289  x:  0.88663   2.51062  
  4  0.0290    458.218927  x:  0.88967   2.56159  
  5  0.0331    458.218922  x:  0.89083   2.56341  
  6  0.0017    458.218922  x:  0.89087   2.56378  
  7  0.0004    458.218922  x:  0.89087   2.56378  
  8  0.0000    458.218922  x:  0.89087   2.56378  

17 (Ibbis.PHUM226110) ... 9 (Ptgot.PHUM226110)
  0  0.0000    468.339737  x:  0.68399   2.39829  
  1 99.0000    466.667273  x:  1.40149   2.25133  
  2  8.0925    465.010066  x:  1.09954   0.40000  
  3  0.3294    465.010066  x:  1.09954   0.40000  
  4  0.3404    464.983217  x:  1.01716   0.40000  
  5  0.5938    464.983195  x:  1.01491   0.40000  
  6  0.0028    464.983195  x:  1.01491   0.40000  

17 (Ibbis.PHUM226110) ... 10 (Ptpub.PHUM226110)
  0  0.0000    467.803116  x:  0.66083   1.00998  
  1 99.0000    467.011114  x:  0.99899   0.94957  
  2  6.4451    466.414402  x:  0.98133   0.40000  
  3  0.9490    466.377808  x:  1.09991   0.40000  
  4  0.0148    466.376015  x:  1.07724   0.40000  
  5  0.0180    466.376015  x:  1.07715   0.40000  

17 (Ibbis.PHUM226110) ... 11 (Mysp.PHUM226110)
  0  0.0000    489.835637  x:  1.71698   1.02174  
  1 99.0000    487.253254  x:  3.66154   0.61691  
  2  4.2915    486.723995  x:  4.31090   1.65640  
  3  1.6858    486.646102  x:  5.03951   1.61344  
  4  0.1233    486.645123  x:  5.08759   1.68800  
  5  0.0190    486.645103  x:  5.10120   1.68847  
  6  0.0101    486.645103  x:  5.10131   1.68871  
  7  0.0002    486.645103  x:  5.10131   1.68871  

17 (Ibbis.PHUM226110) ... 12 (Chtex.PHUM226110)
  0  0.0000    451.295403  x:  0.36455   2.12059  
  1 99.0000    450.951832  x:  0.45384   2.11942  
  2  8.7164    450.945770  x:  0.45677   2.26501  
  3  0.0873    450.945672  x:  0.45849   2.26461  
  4  0.0012    450.945671  x:  0.45852   2.26577  
  5  0.0010    450.945671  x:  0.45852   2.26577  

17 (Ibbis.PHUM226110) ... 13 (Geaur.PHUM226110)
  0  0.0000    460.280922  x:  0.58735   2.49561  
  1 99.0000    459.441882  x:  0.83226   2.48717  
  2  8.5817    459.395616  x:  0.86149   3.00551  
  3  0.1948    459.388120  x:  0.90278   3.08700  
  4  0.0311    459.387977  x:  0.90422   3.11884  
  5  0.0225    459.387976  x:  0.90478   3.12012  
  6  0.0012    459.387976  x:  0.90479   3.12022  

17 (Ibbis.PHUM226110) ... 14 (Hldiv.PHUM226110)
  0  0.0000    440.606271  x:  0.21127   2.81081  
  1 99.0000    440.485143  x:  0.24287   2.80619  
  2  8.0832    438.499170  x:  0.22952   0.78583  
  3  1.1396    438.499153  x:  0.22985   0.78448  
  4  0.0015    438.499152  x:  0.22988   0.78513  
  5  0.0041    438.499152  x:  0.22988   0.78513  

17 (Ibbis.PHUM226110) ... 15 (Ibbis.PHUM226110)
  0  0.0000    412.293470  x:  0.45116   1.33299  
  1 99.0000    375.487911  x:  0.00001   1.34160  

17 (Ibbis.PHUM226110) ... 16 (Hldiv.PHUM226110)
  0  0.0000    439.283091  x:  0.21569   1.72448  
  1 99.0000    439.240548  x:  0.23367   1.71996  
  2  4.7529    438.500782  x:  0.22644   0.79458  
  3  1.1885    438.499267  x:  0.22945   0.77855  
  4  0.0174    438.499152  x:  0.22988   0.78519  
  5  0.0188    438.499152  x:  0.22988   0.78513  

18 (Gdort.PHUM226110) ... 1 (Hbarb.PHUM226110)
  0  0.0000    463.831487  x:  0.52442   1.46534  
  1 99.0000    463.106976  x:  0.74571   1.43468  
  2  8.2983    462.887115  x:  0.70494   0.83970  
  3  0.5793    462.886991  x:  0.70243   0.83318  
  4  0.0086    462.886915  x:  0.70073   0.84008  
  5  0.0074    462.886915  x:  0.70073   0.84011  

18 (Gdort.PHUM226110) ... 2 (Ltspi.PHUM226110)
  0  0.0000    471.354096  x:  0.67478   1.48636  
  1 99.0000    465.041196  x:  6.88199   1.13527  
  2 11.9883    465.030037  x:  6.87500   0.98718  
  3  0.1155    465.029100  x:  6.85866   0.93678  
  4  0.0560    465.025950  x:  6.71672   0.91076  
  5  0.0180    465.023125  x:  6.43087   0.88293  
  6  0.3252    465.023124  x:  6.42849   0.88431  
  7  0.0031    465.023124  x:  6.42823   0.88424  

18 (Gdort.PHUM226110) ... 3 (Nepac.PHUM226110)
  0  0.0000    475.652371  x:  0.55647   1.29373  
  1 99.0000    474.976164  x:  0.80875   1.23593  
  2  7.0099    473.852111  x:  0.74322   0.40000  
  3  1.0544    473.781331  x:  0.83718   0.40000  
  4  0.0568    473.781329  x:  0.83670   0.40000  
  5  0.0004    473.781329  x:  0.83669   0.40000  
  6  0.0000    473.781329  x:  0.83669   0.40000  

18 (Gdort.PHUM226110) ... 4 (PdhumCA.PHUM226110)
  0  0.0000    484.819073  x:  0.82176   0.95308  
  1 99.0000    476.942339  x:  5.05428   0.40000  
  2 10.4147    476.499579  x:  5.32597   1.10691  
  3  2.1729    475.951856  x:  6.97283   1.09827  
  4  0.2059    475.581475  x: 10.80593   1.12252  
  5  1.7285    475.529343  x: 11.45530   1.61077  
  6  0.1378    475.527219  x: 11.85323   1.62954  
  7  0.2012    475.527219  x: 11.85255   1.62994  
  8  0.0006    475.527219  x: 11.85301   1.63005  
  9  0.0004    475.527219  x: 11.85302   1.63004  

18 (Gdort.PHUM226110) ... 5 (PdhumNE.PHUM226110)
  0  0.0000    487.326531  x:  0.79014   2.02081  
  1 99.0000    475.791118  x:  8.39099   0.77582  
  2 14.3520    475.697804  x:  8.48078   1.22216  
  3  0.5143    475.640340  x:  9.02848   1.25825  
  4  0.0686    475.529647  x: 11.78034   1.51702  
  5  1.7946    475.527231  x: 11.82159   1.62808  
  6  0.0425    475.527219  x: 11.85205   1.62932  
  7  0.0221    475.527219  x: 11.85301   1.63004  
  8  0.0011    475.527219  x: 11.85304   1.63005  
  9  0.0000    475.527219  x: 11.85302   1.63004  
 10  0.0000    475.527219  x: 11.85302   1.63004  
 11  0.0000    475.527219  x: 11.85302   1.63004  

18 (Gdort.PHUM226110) ... 6 (PdschKE.PHUM226110)
  0  0.0000    469.198179  x:  0.73429   1.76897  
  1 99.0000    462.729222  x:  5.96894   1.15199  
  2 12.4465    462.728182  x:  5.96100   1.08384  
  3  0.0291    462.728022  x:  5.93433   1.07472  
  4  0.0035    462.727807  x:  5.85836   1.06779  
  5  0.0735    462.727805  x:  5.85912   1.07085  
  6  0.0028    462.727805  x:  5.85909   1.07083  

18 (Gdort.PHUM226110) ... 7 (PdschUG.PHUM226110)
  0  0.0000    468.315960  x:  0.80567   1.69944  
  1 99.0000    462.727876  x:  5.83535   1.05351  
  2  9.9120    462.727823  x:  5.83718   1.06851  
  3  0.0072    462.727814  x:  5.84395   1.06743  
  4  0.0009    462.727805  x:  5.85920   1.06969  
  5  0.0129    462.727805  x:  5.85908   1.07083  

18 (Gdort.PHUM226110) ... 8 (Pnbad.PHUM226110)
  0  0.0000    468.713374  x:  0.72510   1.43111  
  1 99.0000    465.741205  x:  2.38032   1.46749  
  2 10.0306    464.420683  x:  2.55657   6.21846  
  3  0.5943    464.135275  x:  3.36035   9.92655  
  4  0.4743    463.896940  x:  5.88351  18.09479  
  5  1.7597    463.863107  x:  5.72896  15.51630  
  6  0.3229    463.862344  x:  5.90832  16.09303  
  7  0.2808    463.862276  x:  5.92003  16.03499  
  8  0.0594    463.862276  x:  5.92025  16.03583  
  9  0.0009    463.862276  x:  5.92025  16.03578  

18 (Gdort.PHUM226110) ... 9 (Ptgot.PHUM226110)
  0  0.0000    482.386721  x:  0.76710   5.00000  
  1 99.0000    474.133403  x:  4.04014   4.72538  
  2 15.2364    473.899175  x:  4.19060   6.28297  
  3  0.1956    473.730468  x:  4.58857   9.81075  
  4  1.9859    473.648804  x:  5.07629  10.42211  
  5  0.0978    473.549922  x:  6.89223  13.59087  
  6  1.9714    473.548683  x:  6.92844  14.04315  
  7  0.1511    473.548682  x:  6.93568  14.05333  
  8  0.0083    473.548682  x:  6.93611  14.05567  
  9  0.0023    473.548682  x:  6.93611  14.05575  

18 (Gdort.PHUM226110) ... 10 (Ptpub.PHUM226110)
  0  0.0000    483.066605  x:  0.84789   5.00000  
  1 99.0000    475.667925  x:  4.10666   4.70112  
  2 13.0554    475.429765  x:  4.27403   6.26977  
  3  0.1972    475.251455  x:  4.73931   9.99982  
  4  2.0185    475.163385  x:  5.29854  10.66546  
  5  0.1087    475.075956  x:  7.07203  13.65041  
  6  1.8643    475.074675  x:  7.08999  14.07323  
  7  0.1433    475.074667  x:  7.11000  14.10980  
  8  0.0277    475.074667  x:  7.11005  14.11151  
  9  0.0016    475.074667  x:  7.11005  14.11151  

18 (Gdort.PHUM226110) ... 11 (Mysp.PHUM226110)
  0  0.0000    491.203217  x:  1.94262   5.00000  
  1 99.0000    485.705004  x:  6.40033   4.01456  
  2  5.4849    485.633156  x:  6.22671   3.15502  
  3  0.1096    485.613905  x:  6.04315   2.60401  
  4  0.8218    485.583747  x:  5.37710   2.04952  
  5  0.1776    485.564904  x:  5.07290   2.24790  
  6  0.3659    485.564790  x:  5.10855   2.28063  
  7  0.0657    485.564789  x:  5.10618   2.28221  
  8  0.0029    485.564789  x:  5.10618   2.28221  

18 (Gdort.PHUM226110) ... 12 (Chtex.PHUM226110)
  0  0.0000    441.632275  x:  0.28451   2.40253  
  1 99.0000    441.227971  x:  0.35973   2.40747  
  2 12.1310    440.235994  x:  0.38989   6.25770  
  3  0.8975    440.227618  x:  0.40502   6.27814  
  4  0.0120    440.227618  x:  0.40495   6.27823  
  5  0.0001    440.227618  x:  0.40495   6.27880  

18 (Gdort.PHUM226110) ... 13 (Geaur.PHUM226110)
  0  0.0000    466.534474  x:  1.02485   4.90918  
  1 99.0000    463.791504  x:  2.20559   4.81372  
  2  7.2617    463.370072  x:  2.50240   7.22902  
  3  0.3042    463.081385  x:  3.85971  13.48093  
  4  1.1118    463.022586  x:  4.14546  12.74873  
  5  0.0982    463.022298  x:  4.20002  12.99846  
  6  0.1207    463.022279  x:  4.20789  12.99569  
  7  0.0071    463.022279  x:  4.20806  12.99654  
  8  0.0008    463.022279  x:  4.20806  12.99654  
  9  0.0000    463.022279  x:  4.20806  12.99654  

18 (Gdort.PHUM226110) ... 14 (Hldiv.PHUM226110)
  0  0.0000    453.597790  x:  0.32898   9.61919  
  1 99.0000    452.124260  x:  2.03588   9.52221  
  2 12.6122    452.105091  x:  2.01479   9.11410  
  3  0.0511    452.047002  x:  1.84247   6.89427  
  4  2.7664    447.135359  x:  0.84996   0.40000  
  5  0.9673    447.135359  x:  0.84996   0.40000  
  6  1.0707    443.817515  x:  0.41475   0.40000  
  7  9.3304    443.814491  x:  0.40627   0.40000  
  8  0.0353    443.807870  x:  0.39709   0.43827  
  9  0.3752    443.807831  x:  0.39800   0.43840  
 10  0.0010    443.807831  x:  0.39796   0.43861  
 11  0.0002    443.807831  x:  0.39796   0.43861  

18 (Gdort.PHUM226110) ... 15 (Ibbis.PHUM226110)
  0  0.0000    436.896855  x:  0.24772   1.00251  
  1 99.0000    436.432843  x:  0.31770   1.00371  
  2 14.9265    436.417757  x:  0.31800   1.10908  
  3  0.3007    436.417738  x:  0.31850   1.10914  
  4  0.0004    436.417738  x:  0.31850   1.10924  
  5  0.0001    436.417738  x:  0.31850   1.10924  

18 (Gdort.PHUM226110) ... 16 (Hldiv.PHUM226110)
  0  0.0000    445.193121  x:  0.32196   1.60904  
  1 99.0000    445.082764  x:  0.36531   1.59681  
  2  5.2438    443.987204  x:  0.34738   0.40000  
  3  1.4441    443.880818  x:  0.35384   0.53284  
  4  0.6207    443.809016  x:  0.39855   0.45233  
  5  0.0590    443.807841  x:  0.39851   0.43785  
  6  0.0128    443.807831  x:  0.39796   0.43860  
  7  0.0007    443.807831  x:  0.39796   0.43861  
  8  0.0000    443.807831  x:  0.39796   0.43861  

18 (Gdort.PHUM226110) ... 17 (Ibbis.PHUM226110)
  0  0.0000    437.174089  x:  0.23452   1.28609  
  1 99.0000    436.450232  x:  0.32161   1.28372  
  2 19.4414    436.417854  x:  0.31975   1.10939  
  3  0.3459    436.417738  x:  0.31850   1.10886  
  4  0.0009    436.417738  x:  0.31850   1.10925  
  5  0.0005    436.417738  x:  0.31850   1.10924  